$5186,230,229,0,786443,20,0.000000,0,0,0,0,0,18.642269,-168.942110,-169.091900,0
Acc Data: 0.000000 0.000000 0.000000
$5186,231,230,0,786443,20,0.000000,0,0,0,0,0,18.638258,-168.938370,-169.096310,0
Acc Data: 0.000000 0.000000 0.000000
$5186,232,231,0,786443,20,0.000000,0,0,0,0,0,18.634388,-168.934720,-169.100600,0
Acc Data: 0.000000 0.000000 0.000000
$5186,233,232,0,786443,20,0.000000,0,0,0,0,0,18.630638,-168.931180,-169.104750,0
Acc Data: 0.000000 0.000000 0.000000
$5186,234,233,0,786443,20,0.000000,0,0,0,0,0,18.627014,-168.927700,-169.108800,0
Acc Data: 0.000000 0.000000 0.000000
$5186,235,234,0,786443,20,0.000000,0,0,0,0,0,18.623503,-168.924330,-169.112730,0
Acc Data: 0.000000 0.000000 0.000000
$5186,236,235,0,786443,20,0.000000,0,0,0,0,0,18.620119,-168.921050,-169.116530,0
Acc Data: 0.000000 0.000000 0.000000
$5186,237,236,0,786443,20,0.000000,0,0,0,0,0,18.616833,-168.917850,-169.120250,0
Acc Data: 0.000000 0.000000 0.000000
$5186,238,237,0,786443,20,0.000000,0,0,0,0,0,18.613667,-168.914730,-169.123860,0
Acc Data: 0.000000 0.000000 0.000000
$5186,239,238,0,786443,20,0.000000,0,0,0,0,0,18.610596,-168.911680,-169.127350,0
Acc Data: 0.000000 0.000000 0.000000
$5186,240,239,0,786443,20,0.000000,0,0,0,0,0,18.607626,-168.908720,-169.130770,0
Acc Data: 0.000000 0.000000 0.000000
$5186,241,240,0,786443,20,0.000000,0,0,0,0,0,18.604763,-168.905840,-169.134080,0
Acc Data: 0.000000 0.000000 0.000000
$5186,242,241,0,786443,20,0.000000,0,0,0,0,0,18.601982,-168.903030,-169.137280,0
Acc Data: 0.000000 0.000000 0.000000
$5186,243,242,0,786443,20,0.000000,0,0,0,0,0,18.599297,-168.900300,-169.140410,0
Acc Data: 0.000000 0.000000 0.000000
$5186,244,243,0,786443,20,0.000000,0,0,0,0,0,18.596704,-168.897630,-169.143450,0
Acc Data: 0.000000 0.000000 0.000000
$5186,245,244,0,786443,20,0.000000,0,0,0,0,0,18.594185,-168.895030,-169.146390,0
Acc Data: 0.000000 0.000000 0.000000
$5186,246,245,0,786443,20,0.000000,0,0,0,0,0,18.591759,-168.892490,-169.149260,0
Acc Data: 0.000000 0.000000 0.000000
$5186,247,246,0,786443,20,0.000000,0,0,0,0,0,18.589413,-168.890030,-169.152050,0
Acc Data: 0.000000 0.000000 0.000000
$5186,248,247,0,786443,20,0.000000,0,0,0,0,0,18.587139,-168.887630,-169.154770,0
Acc Data: 0.000000 0.000000 0.000000
$5186,249,248,0,786443,20,0.000000,0,0,0,0,0,18.584938,-168.885300,-169.157410,0
Acc Data: 0.000000 0.000000 0.000000
$5186,250,249,0,786443,20,0.000000,0,0,0,0,0,18.582813,-168.883010,-169.159960,0
Acc Data: 0.000000 0.000000 0.000000
$5186,251,250,0,786443,20,0.000000,0,0,0,0,0,18.580765,-168.880780,-169.162450,0
Acc Data: 0.000000 0.000000 0.000000
$5186,252,251,0,786443,20,0.000000,0,0,0,0,0,18.578772,-168.878630,-169.164870,0
Acc Data: 0.000000 0.000000 0.000000
$5186,253,252,0,786443,20,0.000000,0,0,0,0,0,18.576847,-168.876530,-169.167220,0
Acc Data: 0.000000 0.000000 0.000000
$5186,254,253,0,786443,20,0.000000,0,0,0,0,0,18.574989,-168.874480,-169.169490,0
Acc Data: 0.000000 0.000000 0.000000
$5186,255,254,0,786443,20,0.000000,0,0,0,0,0,18.573189,-168.872470,-169.171720,0
Acc Data: 0.000000 0.000000 0.000000
$5186,256,255,0,786443,20,0.000000,0,0,0,0,0,18.571444,-168.870530,-169.173890,0
Acc Data: 0.000000 0.000000 0.000000
$5186,257,256,0,786443,20,0.000000,0,0,0,0,0,18.569757,-168.868620,-169.175980,0
Acc Data: 0.000000 0.000000 0.000000
$5186,258,257,0,786443,20,0.000000,0,0,0,0,0,18.568136,-168.866790,-169.178010,0
Acc Data: 0.000000 0.000000 0.000000
$5186,259,258,0,786443,20,0.000000,0,0,0,0,0,18.566559,-168.864990,-169.179990,0
Acc Data: 0.000000 0.000000 0.000000
$5186,260,259,0,786443,20,0.000000,0,0,0,0,0,18.565031,-168.863240,-169.181920,0
Acc Data: 0.000000 0.000000 0.000000
$5186,261,260,0,786443,20,0.000000,0,0,0,0,0,18.563560,-168.861540,-169.183790,0
Acc Data: 0.000000 0.000000 0.000000
$5186,262,261,0,786443,20,0.000000,0,0,0,0,0,18.562126,-168.859880,-169.185610,0
Acc Data: 0.000000 0.000000 0.000000
$5186,263,262,0,786443,20,0.000000,0,0,0,0,0,18.560749,-168.858260,-169.187380,0
Acc Data: 0.000000 0.000000 0.000000
$5186,264,263,0,786443,20,0.000000,0,0,0,0,0,18.559414,-168.856670,-169.189100,0
Acc Data: 0.000000 0.000000 0.000000
$5186,265,264,0,786443,20,0.000000,0,0,0,0,0,18.558125,-168.855150,-169.190770,0
Acc Data: 0.000000 0.000000 0.000000
$5186,266,265,0,786443,20,0.000000,0,0,0,0,0,18.556877,-168.853650,-169.192400,0
Acc Data: 0.000000 0.000000 0.000000
$5186,267,266,0,786443,20,0.000000,0,0,0,0,0,18.555674,-168.852190,-169.193970,0
Acc Data: 0.000000 0.000000 0.000000
$5186,268,267,0,786443,20,0.000000,0,0,0,0,0,18.554499,-168.850780,-169.195500,0
Acc Data: 0.000000 0.000000 0.000000
$5186,269,268,0,786443,20,0.000000,0,0,0,0,0,18.553371,-168.849410,-169.196990,0
Acc Data: 0.000000 0.000000 0.000000
$5186,270,269,0,786443,20,0.000000,0,0,0,0,0,18.552277,-168.848050,-169.198440,0
Acc Data: 0.000000 0.000000 0.000000
$5186,271,270,0,786443,20,0.000000,0,0,0,0,0,18.551222,-168.846760,-169.199840,0
Acc Data: 0.000000 0.000000 0.000000
$5186,272,271,0,786443,20,0.000000,0,0,0,0,0,18.550201,-168.845470,-169.201220,0
Acc Data: 0.000000 0.000000 0.000000
$5186,273,272,0,786443,20,0.000000,0,0,0,0,0,18.549204,-168.844240,-169.202550,0
Acc Data: 0.000000 0.000000 0.000000
$5186,274,273,0,786443,20,0.000000,0,0,0,0,0,18.548244,-168.843030,-169.203840,0
Acc Data: 0.000000 0.000000 0.000000
$5186,275,274,0,786443,20,0.000000,0,0,0,0,0,18.547319,-168.841860,-169.205090,0
Acc Data: 0.000000 0.000000 0.000000
$5186,276,275,0,786443,20,0.000000,0,0,0,0,0,18.546423,-168.840700,-169.206310,0
Acc Data: 0.000000 0.000000 0.000000
$5186,277,276,0,786443,20,0.000000,0,0,0,0,0,18.545557,-168.839600,-169.207500,0
Acc Data: 0.000000 0.000000 0.000000
$5186,278,277,0,786443,20,0.000000,0,0,0,0,0,18.544724,-168.838500,-169.208660,0
Acc Data: 0.000000 0.000000 0.000000
$5186,279,278,0,786443,20,0.000000,0,0,0,0,0,18.543903,-168.837450,-169.209780,0
Acc Data: 0.000000 0.000000 0.000000
$5186,280,279,0,786443,20,0.000000,0,0,0,0,0,18.543121,-168.836430,-169.210880,0
Acc Data: 0.000000 0.000000 0.000000
$5186,281,280,0,786443,20,0.000000,0,0,0,0,0,18.542364,-168.835420,-169.211940,0
Acc Data: 0.000000 0.000000 0.000000
$5186,282,281,0,786443,20,0.000000,0,0,0,0,0,18.541630,-168.834440,-169.212970,0
Acc Data: 0.000000 0.000000 0.000000
$5186,283,282,0,786443,20,0.000000,0,0,0,0,0,18.540920,-168.833510,-169.213960,0
Acc Data: 0.000000 0.000000 0.000000
$5186,284,283,0,786443,20,0.000000,0,0,0,0,0,18.540236,-168.832580,-169.214950,0
Acc Data: 0.000000 0.000000 0.000000
$5186,285,284,0,786443,20,0.000000,0,0,0,0,0,18.539562,-168.831680,-169.215880,0
Acc Data: 0.000000 0.000000 0.000000
$5186,286,285,0,786443,20,0.000000,0,0,0,0,0,18.538925,-168.830800,-169.216800,0
Acc Data: 0.000000 0.000000 0.000000
$5186,287,286,0,786443,20,0.000000,0,0,0,0,0,18.538301,-168.829940,-169.217710,0
Acc Data: 0.000000 0.000000 0.000000
$5186,288,287,0,786443,20,0.000000,0,0,0,0,0,18.537689,-168.829120,-169.218580,0
Acc Data: 0.000000 0.000000 0.000000
$5186,289,288,0,786443,20,0.000000,0,0,0,0,0,18.537106,-168.828310,-169.219410,0
Acc Data: 0.000000 0.000000 0.000000
$5186,290,289,0,786443,20,0.000000,0,0,0,0,0,18.536552,-168.827530,-169.220230,0
Acc Data: 0.000000 0.000000 0.000000
$5186,291,290,0,786443,20,0.000000,0,0,0,0,0,18.535999,-168.826750,-169.221040,0
Acc Data: 0.000000 0.000000 0.000000
$5186,292,291,0,786443,20,0.000000,0,0,0,0,0,18.535473,-168.826000,-169.221820,0
Acc Data: 0.000000 0.000000 0.000000
$5186,293,292,0,786443,20,0.000000,0,0,0,0,0,18.534962,-168.825290,-169.222560,0
Acc Data: 0.000000 0.000000 0.000000
$5186,41,40,0,786443,20,0.000000,0,0,0,0,0,73.056969,-133.692990,-115.216630,0
Acc Data: 0 0 0
$5186,42,41,0,786443,20,0.000000,0,0,0,0,0,71.986839,-137.849460,-119.298050,0
Acc Data: 0 0 0
$5186,43,42,0,786443,20,0.000000,0,0,0,0,0,70.867119,-141.458560,-122.846390,0
Acc Data: 0 0 0
$5186,44,43,0,786443,20,0.000000,0,0,0,0,0,69.712914,-144.603410,-125.944910,0
Acc Data: 0 0 0
$5186,45,44,0,786443,20,0.000000,0,0,0,0,0,68.536263,-147.355990,-128.665590,0
Acc Data: 0 0 0
$5186,46,45,0,786443,20,0.000000,0,0,0,0,0,67.346786,-149.776920,-131.068980,0
Acc Data: 0 0 0
$5186,47,46,0,786443,20,0.000000,0,0,0,0,0,66.151962,-151.916580,-133.205430,0
Acc Data: 0 0 0
$5186,48,47,0,786443,20,0.000000,0,0,0,0,0,64.957878,-153.816510,-135.116300,0
Acc Data: 0 0 0
$5186,49,48,0,786443,20,0.000000,0,0,0,0,0,63.769299,-155.511050,-136.835680,0
Acc Data: 0 0 0
$5186,50,49,0,786443,20,0.000000,0,0,0,0,0,62.590046,-157.028520,-138.391680,0
Acc Data: 0 0 0
$5186,51,50,0,786443,20,0.000000,0,0,0,0,0,61.423183,-158.392410,-139.807450,0
Acc Data: 0 0 0
$5186,52,51,0,786443,20,0.000000,0,0,0,0,0,60.271088,-159.622300,-141.102260,0
Acc Data: 0 0 0
$5186,53,52,0,786443,20,0.000000,0,0,0,0,0,59.135765,-160.734590,-142.292110,0
Acc Data: 0 0 0
$5186,54,53,0,786443,20,0.000000,0,0,0,0,0,58.018726,-161.743100,-143.390410,0
Acc Data: 0 0 0
$5186,55,54,0,786443,20,0.000000,0,0,0,0,0,56.921181,-162.659550,-144.408480,0
Acc Data: 0 0 0
$5186,56,55,0,786443,20,0.000000,0,0,0,0,0,55.844067,-163.493930,-145.355790,0
Acc Data: 0 0 0
$5186,57,56,0,786443,20,0.000000,0,0,0,0,0,54.788158,-164.254790,-146.240490,0
Acc Data: 0 0 0
$5186,58,57,0,786443,20,0.000000,0,0,0,0,0,53.753910,-164.949550,-147.069490,0
Acc Data: 0 0 0
$5186,59,58,0,786443,20,0.000000,0,0,0,0,0,52.741787,-165.584670,-147.848720,0
Acc Data: 0 0 0
$5186,60,59,0,786443,20,0.000000,0,0,0,0,0,51.752007,-166.165710,-148.583250,0
Acc Data: 0 0 0
$5186,61,60,0,786443,20,0.000000,0,0,0,0,0,50.784725,-166.697630,-149.277560,0
Acc Data: 0 0 0
$5186,62,61,0,786443,20,0.000000,0,0,0,0,0,49.840008,-167.184780,-149.935410,0
Acc Data: 0 0 0
$5186,63,62,0,786443,20,0.000000,0,0,0,0,0,48.917835,-167.631010,-150.560180,0
Acc Data: 0 0 0
$5186,64,63,0,786443,20,0.000000,0,0,0,0,0,48.018131,-168.039750,-151.154800,0
Acc Data: 0 0 0
$5186,65,64,0,786443,20,0.000000,0,0,0,0,0,47.140732,-168.414050,-151.721800,0
Acc Data: 0 0 0
$5186,66,65,0,786443,20,0.000000,0,0,0,0,0,46.285446,-168.756710,-152.263470,0
Acc Data: 0 0 0
$5186,67,66,0,786443,20,0.000000,0,0,0,0,0,45.452065,-169.070220,-152.781780,0
Acc Data: 0 0 0
$5186,68,67,0,786443,20,0.000000,0,0,0,0,0,44.640335,-169.356800,-153.278520,0
Acc Data: 0 0 0
$5186,69,68,0,786443,20,0.000000,0,0,0,0,0,43.849949,-169.618530,-153.755220,0
Acc Data: 0 0 0
$5186,70,69,0,786443,20,0.000000,0,0,0,0,0,43.080601,-169.857240,-154.213320,0
Acc Data: 0 0 0
$5186,71,70,0,786443,20,0.000000,0,0,0,0,0,42.331944,-170.074690,-154.654070,0
Acc Data: 0 0 0
$5186,72,71,0,786443,20,0.000000,0,0,0,0,0,41.603634,-170.272380,-155.078570,0
Acc Data: 0 0 0
$5186,73,72,0,786443,20,0.000000,0,0,0,0,0,40.895317,-170.451800,-155.487840,0
Acc Data: 0 0 0
$5186,74,73,0,786443,20,0.000000,0,0,0,0,0,40.206604,-170.614230,-155.882780,0
Acc Data: 0 0 0
$5186,75,74,0,786443,20,0.000000,0,0,0,0,0,39.537125,-170.760890,-156.264220,0
Acc Data: 0 0 0
$5186,76,75,0,786443,20,0.000000,0,0,0,0,0,38.886482,-170.892930,-156.632900,0
Acc Data: 0 0 0
$5186,77,76,0,786443,20,0.000000,0,0,0,0,0,38.254292,-171.011370,-156.989520,0
Acc Data: 0 0 0
$5186,78,77,0,786443,20,0.000000,0,0,0,0,0,37.640141,-171.117200,-157.334670,0
Acc Data: 0 0 0
$5186,79,78,0,786443,20,0.000000,0,0,0,0,0,37.043610,-171.211270,-157.668910,0
Acc Data: 0 0 0
$5186,80,79,0,786443,20,0.000000,0,0,0,0,0,36.464340,-171.294460,-157.992770,0
Acc Data: 0 0 0
$5186,81,80,0,786443,20,0.000000,0,0,0,0,0,35.901917,-171.367540,-158.306730,0
Acc Data: 0 0 0
$5186,82,81,0,786443,20,0.000000,0,0,0,0,0,35.355938,-171.431210,-158.611190,0
Acc Data: 0 0 0
$5186,83,82,0,786443,20,0.000000,0,0,0,0,0,34.826015,-171.486150,-158.906590,0
Acc Data: 0 0 0
$5186,84,83,0,786443,20,0.000000,0,0,0,0,0,34.311733,-171.533000,-159.193280,0
Acc Data: 0 0 0
$5186,85,84,0,786443,20,0.000000,0,0,0,0,0,33.812729,-171.572330,-159.471630,0
Acc Data: 0 0 0
$5186,86,85,0,786443,20,0.000000,0,0,0,0,0,33.328606,-171.604710,-159.741940,0
Acc Data: 0 0 0
$5186,87,86,0,786443,20,0.000000,0,0,0,0,0,32.858986,-171.630630,-160.004520,0
Acc Data: 0 0 0
$5186,88,87,0,786443,20,0.000000,0,0,0,0,0,32.403477,-171.650570,-160.259630,0
Acc Data: 0 0 0
$5186,89,88,0,786443,20,0.000000,0,0,0,0,0,31.961735,-171.665010,-160.507550,0
Acc Data: 0 0 0
$5186,90,89,0,786443,20,0.000000,0,0,0,0,0,31.533367,-171.674320,-160.748540,0
Acc Data: 0 0 0
$5186,91,90,0,786443,20,0.000000,0,0,0,0,0,31.118042,-171.678920,-160.982820,0
Acc Data: 0 0 0
$5186,92,91,0,786443,20,0.000000,0,0,0,0,0,30.715395,-171.679180,-161.210590,0
Acc Data: 0 0 0
$5186,93,92,0,786443,20,0.000000,0,0,0,0,0,30.325073,-171.675430,-161.432070,0
Acc Data: 0 0 0
$5186,94,93,0,786443,20,0.000000,0,0,0,0,0,29.946747,-171.668000,-161.647480,0
Acc Data: 0 0 0
$5186,95,94,0,786443,20,0.000000,0,0,0,0,0,29.580078,-171.657180,-161.856980,0
Acc Data: 0 0 0
$5186,96,95,0,786443,20,0.000000,0,0,0,0,0,29.224743,-171.643260,-162.060760,0
Acc Data: 0 0 0
$5186,97,96,0,786443,20,0.000000,0,0,0,0,0,28.880413,-171.626500,-162.258970,0
Acc Data: 0 0 0
$5186,98,97,0,786443,20,0.000000,0,0,0,0,0,28.546785,-171.607130,-162.451810,0
Acc Data: 0 0 0
$5186,99,98,0,786443,20,0.000000,0,0,0,0,0,28.223553,-171.585430,-162.639390,0
Acc Data: 0 0 0
$5186,100,99,0,786443,20,0.000000,0,0,0,0,0,27.910402,-171.561570,-162.821910,0
Acc Data: 0 0 0
$5186,101,100,0,786443,20,0.000000,0,0,0,0,0,27.607059,-171.535750,-162.999480,0
Acc Data: 0 0 0
$5186,102,101,0,786443,20,0.000000,0,0,0,0,0,27.313244,-171.508180,-163.172230,0
Acc Data: 0 0 0
$5186,103,102,0,786443,20,0.000000,0,0,0,0,0,27.028654,-171.479030,-163.340300,0
Acc Data: 0 0 0
$5186,104,103,0,786443,20,0.000000,0,0,0,0,0,26.753025,-171.448460,-163.503850,0
Acc Data: 0 0 0
$5186,105,104,0,786443,20,0.000000,0,0,0,0,0,26.486116,-171.416630,-163.662960,0
Acc Data: 0 0 0
$5186,106,105,0,786443,20,0.000000,0,0,0,0,0,26.227631,-171.383670,-163.817780,0
Acc Data: 0 0 0
$5186,107,106,0,786443,20,0.000000,0,0,0,0,0,25.977339,-171.349720,-163.968410,0
Acc Data: 0 0 0
$5186,108,107,0,786443,20,0.000000,0,0,0,0,0,25.734995,-171.314900,-164.114960,0
Acc Data: 0 0 0
$5186,109,108,0,786443,20,0.000000,0,0,0,0,0,25.500353,-171.279330,-164.257540,0
Acc Data: 0 0 0
$5186,110,109,0,786443,20,0.000000,0,0,0,0,0,25.273191,-171.243130,-164.396260,0
Acc Data: 0 0 0
$5186,111,110,0,786443,20,0.000000,0,0,0,0,0,25.053268,-171.206380,-164.531220,0
Acc Data: 0 0 0
$5186,112,111,0,786443,20,0.000000,0,0,0,0,0,24.840370,-171.169170,-164.662520,0
Acc Data: 0 0 0
$5186,113,112,0,786443,20,0.000000,0,0,0,0,0,24.634283,-171.131610,-164.790250,0
Acc Data: 0 0 0
$5186,114,113,0,786443,20,0.000000,0,0,0,0,0,24.434799,-171.093750,-164.914520,0
Acc Data: 0 0 0
$5186,115,114,0,786443,20,0.000000,0,0,0,0,0,24.241718,-171.055690,-165.035400,0
Acc Data: 0 0 0
$5186,116,115,0,786443,20,0.000000,0,0,0,0,0,24.054834,-171.017490,-165.152980,0
Acc Data: 0 0 0
$5186,117,116,0,786443,20,0.000000,0,0,0,0,0,23.873962,-170.979200,-165.267360,0
Acc Data: 0 0 0
$5186,118,117,0,786443,20,0.000000,0,0,0,0,0,23.698912,-170.940900,-165.378630,0
Acc Data: 0 0 0
$5186,119,118,0,786443,20,0.000000,0,0,0,0,0,23.529501,-170.902650,-165.486850,0
Acc Data: 0 0 0
$5186,120,119,0,786443,20,0.000000,0,0,0,0,0,23.365561,-170.864460,-165.592120,0
Acc Data: 0 0 0
$5186,121,120,0,786443,20,0.000000,0,0,0,0,0,23.206915,-170.826400,-165.694500,0
Acc Data: 0 0 0
$5186,122,121,0,786443,20,0.000000,0,0,0,0,0,23.053392,-170.788530,-165.794070,0
Acc Data: 0 0 0
$5186,123,122,0,786443,20,0.000000,0,0,0,0,0,22.904844,-170.750850,-165.890910,0
Acc Data: 0 0 0
$5186,124,123,0,786443,20,0.000000,0,0,0,0,0,22.761108,-170.713440,-165.985080,0
Acc Data: 0 0 0
$5186,125,124,0,786443,20,0.000000,0,0,0,0,0,22.622032,-170.676300,-166.076680,0
Acc Data: 0 0 0
$5186,126,125,0,786443,20,0.000000,0,0,0,0,0,22.487471,-170.639450,-166.165740,0
Acc Data: 0 0 0
$5186,127,126,0,786443,20,0.000000,0,0,0,0,0,22.357275,-170.602950,-166.252350,0
Acc Data: 0 0 0
$5186,128,127,0,786443,20,0.000000,0,0,0,0,0,22.231319,-170.566800,-166.336560,0
Acc Data: 0 0 0
$5186,129,128,0,786443,20,0.000000,0,0,0,0,0,22.109449,-170.531040,-166.418460,0
Acc Data: 0 0 0
$5186,132,131,0,786443,20,0.000000,0,0,0,0,0,21.767168,-170.426190,-166.650770,0
Acc Data: 0 0 0
$5186,133,132,0,786443,20,0.000000,0,0,0,0,0,21.660427,-170.392120,-166.723950,0
Acc Data: 0 0 0
$5186,134,133,0,786443,20,0.000000,0,0,0,0,0,21.557178,-170.358510,-166.795100,0
Acc Data: 0 0 0
$5186,135,134,0,786443,20,0.000000,0,0,0,0,0,21.457289,-170.325360,-166.864270,0
Acc Data: 0 0 0
$5186,136,135,0,786443,20,0.000000,0,0,0,0,0,21.360680,-170.292680,-166.931520,0
Acc Data: 0 0 0
$5186,137,136,0,786443,20,0.000000,0,0,0,0,0,21.267214,-170.260480,-166.996890,0
Acc Data: 0 0 0
$5186,138,137,0,786443,20,0.000000,0,0,0,0,0,21.176813,-170.228790,-167.060440,0
Acc Data: 0 0 0
$5186,139,138,0,786443,20,0.000000,0,0,0,0,0,21.089369,-170.197570,-167.122210,0
Acc Data: 0 0 0
$5186,140,139,0,786443,20,0.000000,0,0,0,0,0,21.004801,-170.166890,-167.182270,0
Acc Data: 0 0 0
$5186,141,140,0,786443,20,0.000000,0,0,0,0,0,20.922987,-170.136670,-167.240620,0
Acc Data: 0 0 0
$5186,142,141,0,786443,20,0.000000,0,0,0,0,0,20.843861,-170.106980,-167.297360,0
Acc Data: 0 0 0
$5186,143,142,0,786443,20,0.000000,0,0,0,0,0,20.767326,-170.077800,-167.352510,0
Acc Data: 0 0 0
$5186,144,143,0,786443,20,0.000000,0,0,0,0,0,20.693312,-170.049120,-167.406110,0
Acc Data: 0 0 0
$5186,145,144,0,786443,20,0.000000,0,0,0,0,0,20.621717,-170.020940,-167.458210,0
Acc Data: 0 0 0
$5186,146,145,0,786443,20,0.000000,0,0,0,0,0,20.552475,-169.993270,-167.508830,0
Acc Data: 0 0 0
$5186,147,146,0,786443,20,0.000000,0,0,0,0,0,20.485506,-169.966110,-167.558040,0
Acc Data: 0 0 0
$5186,148,147,0,786443,20,0.000000,0,0,0,0,0,20.420736,-169.939450,-167.605880,0
Acc Data: 0 0 0
$5186,149,148,0,786443,20,0.000000,0,0,0,0,0,20.358101,-169.913300,-167.652360,0
Acc Data: 0 0 0
$5186,150,149,0,786443,20,0.000000,0,0,0,0,0,20.297525,-169.887620,-167.697540,0
Acc Data: 0 0 0
$5186,151,150,0,786443,20,0.000000,0,0,0,0,0,20.238934,-169.862440,-167.741440,0
Acc Data: 0 0 0
$5186,152,151,0,786443,20,0.000000,0,0,0,0,0,20.182270,-169.837770,-167.784100,0
Acc Data: 0 0 0
$5186,153,152,0,786443,20,0.000000,0,0,0,0,0,20.127472,-169.813570,-167.825560,0
Acc Data: 0 0 0
$5186,154,153,0,786443,20,0.000000,0,0,0,0,0,20.074478,-169.789860,-167.865860,0
Acc Data: 0 0 0
$5186,155,154,0,786443,20,0.000000,0,0,0,0,0,20.023235,-169.766600,-167.905010,0
Acc Data: 0 0 0
$5186,156,155,0,786443,20,0.000000,0,0,0,0,0,19.973669,-169.743840,-167.943070,0
Acc Data: 0 0 0
$5186,157,156,0,786443,20,0.000000,0,0,0,0,0,19.925749,-169.721540,-167.980030,0
Acc Data: 0 0 0
$5186,158,157,0,786443,20,0.000000,0,0,0,0,0,19.879387,-169.699690,-168.015960,0
Acc Data: 0 0 0
$5186,159,158,0,786443,20,0.000000,0,0,0,0,0,19.834572,-169.678300,-168.050870,0
Acc Data: 0 0 0
$5186,160,159,0,786443,20,0.000000,0,0,0,0,0,19.791220,-169.657350,-168.084810,0
Acc Data: 0 0 0
$5186,161,160,0,786443,20,0.000000,0,0,0,0,0,19.749310,-169.636860,-168.117770,0
Acc Data: 0 0 0
$5186,162,161,0,786443,20,0.000000,0,0,0,0,0,19.708767,-169.616780,-168.149810,0
Acc Data: 0 0 0
$5186,163,162,0,786443,20,0.000000,0,0,0,0,0,19.669577,-169.597150,-168.180920,0
Acc Data: 0 0 0
$5186,164,163,0,786443,20,0.000000,0,0,0,0,0,19.631678,-169.577930,-168.211170,0
Acc Data: 0 0 0
$5186,165,164,0,786443,20,0.000000,0,0,0,0,0,19.595011,-169.559130,-168.240570,0
Acc Data: 0 0 0
$5186,166,165,0,786443,20,0.000000,0,0,0,0,0,19.559563,-169.540740,-168.269120,0
Acc Data: 0 0 0
$5186,167,166,0,786443,20,0.000000,0,0,0,0,0,19.525295,-169.522750,-168.296860,0
Acc Data: 0 0 0
$5186,168,167,0,786443,20,0.000000,0,0,0,0,0,19.492147,-169.505160,-168.323820,0
Acc Data: 0 0 0
$5186,169,168,0,786443,20,0.000000,0,0,0,0,0,19.460093,-169.487960,-168.350010,0
Acc Data: 0 0 0
$5186,170,169,0,786443,20,0.000000,0,0,0,0,0,19.429100,-169.471150,-168.375460,0
Acc Data: 0 0 0
$5186,171,170,0,786443,20,0.000000,0,0,0,0,0,19.399132,-169.454700,-168.400190,0
Acc Data: 0 0 0
$5186,172,171,0,786443,20,0.000000,0,0,0,0,0,19.370140,-169.438630,-168.424210,0
Acc Data: 0 0 0
$5186,173,172,0,786443,20,0.000000,0,0,0,0,0,19.342113,-169.422930,-168.447560,0
Acc Data: 0 0 0
$5186,174,173,0,786443,20,0.000000,0,0,0,0,0,19.315014,-169.407580,-168.470250,0
Acc Data: 0 0 0
$5186,175,174,0,786443,20,0.000000,0,0,0,0,0,19.288809,-169.392580,-168.492280,0
Acc Data: 0 0 0
$5186,176,175,0,786443,20,0.000000,0,0,0,0,0,19.263472,-169.377910,-168.513700,0
Acc Data: 0 0 0
$5186,177,176,0,786443,20,0.000000,0,0,0,0,0,19.238964,-169.363590,-168.534520,0
Acc Data: 0 0 0
$5186,178,177,0,786443,20,0.000000,0,0,0,0,0,19.215273,-169.349590,-168.554720,0
Acc Data: 0 0 0
$5186,179,178,0,786443,20,0.000000,0,0,0,0,0,19.192358,-169.335920,-168.574360,0
Acc Data: 0 0 0
$5186,180,179,0,786443,20,0.000000,0,0,0,0,0,19.170204,-169.322570,-168.593440,0
Acc Data: 0 0 0
$5186,181,180,0,786443,20,0.000000,0,0,0,0,0,19.148777,-169.309520,-168.611980,0
Acc Data: 0 0 0
$5186,182,181,0,786443,20,0.000000,0,0,0,0,0,19.128056,-169.296800,-168.629990,0
Acc Data: 0 0 0
$5186,183,182,0,786443,20,0.000000,0,0,0,0,0,19.108027,-169.284360,-168.647510,0
Acc Data: 0 0 0
$5186,184,183,0,786443,20,0.000000,0,0,0,0,0,19.088655,-169.272220,-168.664510,0
Acc Data: 0 0 0
$5186,185,184,0,786443,20,0.000000,0,0,0,0,0,19.069921,-169.260360,-168.681030,0
Acc Data: 0 0 0
$5186,186,185,0,786443,20,0.000000,0,0,0,0,0,19.051807,-169.248780,-168.697080,0
Acc Data: 0 0 0
$5186,187,186,0,786443,20,0.000000,0,0,0,0,0,19.034292,-169.237490,-168.712680,0
Acc Data: 0 0 0
$5186,188,187,0,786443,20,0.000000,0,0,0,0,0,19.017355,-169.226440,-168.727830,0
Acc Data: 0 0 0
$5186,189,188,0,786443,20,0.000000,0,0,0,0,0,19.000975,-169.215680,-168.742550,0
Acc Data: 0 0 0
$5186,190,189,0,786443,20,0.000000,0,0,0,0,0,18.985140,-169.205180,-168.756850,0
Acc Data: 0 0 0
$5186,191,190,0,786443,20,0.000000,0,0,0,0,0,18.969826,-169.194920,-168.770770,0
Acc Data: 0 0 0
$5186,192,191,0,786443,20,0.000000,0,0,0,0,0,18.955019,-169.184910,-168.784270,0
Acc Data: 0 0 0
$5186,193,192,0,786443,20,0.000000,0,0,0,0,0,18.940699,-169.175140,-168.797390,0
Acc Data: 0 0 0
$5186,194,193,0,786443,20,0.000000,0,0,0,0,0,18.926855,-169.165590,-168.810130,0
Acc Data: 0 0 0
$5186,195,194,0,786443,20,0.000000,0,0,0,0,0,18.913460,-169.156280,-168.822530,0
Acc Data: 0 0 0
$5186,196,195,0,786443,20,0.000000,0,0,0,0,0,18.900518,-169.147220,-168.834560,0
Acc Data: 0 0 0
$5186,197,196,0,786443,20,0.000000,0,0,0,0,0,18.888002,-169.138350,-168.846250,0
Acc Data: 0 0 0
$5186,198,197,0,786443,20,0.000000,0,0,0,0,0,18.875893,-169.129710,-168.857600,0
Acc Data: 0 0 0
$5186,199,198,0,786443,20,0.000000,0,0,0,0,0,18.864187,-169.121290,-168.868650,0
Acc Data: 0 0 0
$5186,200,199,0,786443,20,0.000000,0,0,0,0,0,18.852859,-169.113070,-168.879380,0
Acc Data: 0 0 0
$5186,201,200,0,786443,20,0.000000,0,0,0,0,0,18.841913,-169.105040,-168.889800,0
Acc Data: 0 0 0
$5186,202,201,0,786443,20,0.000000,0,0,0,0,0,18.831329,-169.097210,-168.899920,0
Acc Data: 0 0 0
$5186,203,202,0,786443,20,0.000000,0,0,0,0,0,18.821093,-169.089580,-168.909760,0
Acc Data: 0 0 0
$5186,204,203,0,786443,20,0.000000,0,0,0,0,0,18.811197,-169.082140,-168.919330,0
Acc Data: 0 0 0
$5186,205,204,0,786443,20,0.000000,0,0,0,0,0,18.801620,-169.074890,-168.928600,0
Acc Data: 0 0 0
$5186,206,205,0,786443,20,0.000000,0,0,0,0,0,18.792358,-169.067790,-168.937640,0
Acc Data: 0 0 0
$5186,207,206,0,786443,20,0.000000,0,0,0,0,0,18.783413,-169.060900,-168.946400,0
Acc Data: 0 0 0
$5186,208,207,0,786443,20,0.000000,0,0,0,0,0,18.774761,-169.054170,-168.954930,0
Acc Data: 0 0 0
$5186,211,210,0,786443,20,0.000000,0,0,0,0,0,18.750462,-169.034940,-168.979060,0
Acc Data: 0 0 0
$5186,212,211,0,786443,20,0.000000,0,0,0,0,0,18.742897,-169.028850,-168.986650,0
Acc Data: 0 0 0
$5186,213,212,0,786443,20,0.000000,0,0,0,0,0,18.735577,-169.022920,-168.994050,0
Acc Data: 0 0 0
$5186,214,213,0,786443,20,0.000000,0,0,0,0,0,18.728498,-169.017140,-169.001220,0
Acc Data: 0 0 0
$5186,215,214,0,786443,20,0.000000,0,0,0,0,0,18.721647,-169.011510,-169.008180,0
Acc Data: 0 0 0
$5186,216,215,0,786443,20,0.000000,0,0,0,0,0,18.715036,-169.006000,-169.014940,0
Acc Data: 0 0 0
$5186,217,216,0,786443,20,0.000000,0,0,0,0,0,18.708624,-169.000630,-169.021530,0
Acc Data: 0 0 0
$5186,218,217,0,786443,20,0.000000,0,0,0,0,0,18.702435,-168.995410,-169.027920,0
Acc Data: 0 0 0
$5186,219,218,0,786443,20,0.000000,0,0,0,0,0,18.696444,-168.990310,-169.034130,0
Acc Data: 0 0 0
$5186,220,219,0,786443,20,0.000000,0,0,0,0,0,18.690655,-168.985340,-169.040180,0
Acc Data: 0 0 0
$5186,221,220,0,786443,20,0.000000,0,0,0,0,0,18.685061,-168.980500,-169.046040,0
Acc Data: 0 0 0
$5186,222,221,0,786443,20,0.000000,0,0,0,0,0,18.679649,-168.975800,-169.051740,0
Acc Data: 0 0 0
$5186,223,222,0,786443,20,0.000000,0,0,0,0,0,18.674414,-168.971190,-169.057280,0
Acc Data: 0 0 0
$5186,224,223,0,786443,20,0.000000,0,0,0,0,0,18.669344,-168.966710,-169.062650,0
Acc Data: 0 0 0
$5186,225,224,0,786443,20,0.000000,0,0,0,0,0,18.664448,-168.962340,-169.067890,0
Acc Data: 0 0 0
$5186,226,225,0,786443,20,0.000000,0,0,0,0,0,18.659712,-168.958080,-169.072970,0
Acc Data: 0 0 0
$5186,227,226,0,786443,20,0.000000,0,0,0,0,0,18.655128,-168.953930,-169.077910,0
Acc Data: 0 0 0
$5186,228,227,0,786443,20,0.000000,0,0,0,0,0,18.650696,-168.949890,-169.082720,0
Acc Data: 0 0 0
$5186,229,228,0,786443,20,0.000000,0,0,0,0,0,18.646414,-168.945940,-169.087370,0
Acc Data: 0 0 0
$5186,230,229,0,786443,20,0.000000,0,0,0,0,0,18.642269,-168.942110,-169.091900,0
Acc Data: 0 0 0
$5186,231,230,0,786443,20,0.000000,0,0,0,0,0,18.638258,-168.938370,-169.096310,0
Acc Data: 0 0 0
$5186,232,231,0,786443,20,0.000000,0,0,0,0,0,18.634388,-168.934720,-169.100600,0
Acc Data: 0 0 0
$5186,233,232,0,786443,20,0.000000,0,0,0,0,0,18.630638,-168.931180,-169.104750,0
Acc Data: 0 0 0
$5186,234,233,0,786443,20,0.000000,0,0,0,0,0,18.627014,-168.927700,-169.108800,0
Acc Data: 0 0 0
$5186,235,234,0,786443,20,0.000000,0,0,0,0,0,18.623503,-168.924330,-169.112730,0
Acc Data: 0 0 0
$5186,236,235,0,786443,20,0.000000,0,0,0,0,0,18.620119,-168.921050,-169.116530,0
Acc Data: 0 0 0
$5186,237,236,0,786443,20,0.000000,0,0,0,0,0,18.616833,-168.917850,-169.120250,0
Acc Data: 0 0 0
$5186,238,237,0,786443,20,0.000000,0,0,0,0,0,18.613667,-168.914730,-169.123860,0
Acc Data: 0 0 0
$5186,239,238,0,786443,20,0.000000,0,0,0,0,0,18.610596,-168.911680,-169.127350,0
Acc Data: 0 0 0
$5186,240,239,0,786443,20,0.000000,0,0,0,0,0,18.607626,-168.908720,-169.130770,0
Acc Data: 0 0 0
$5186,241,240,0,786443,20,0.000000,0,0,0,0,0,18.604763,-168.905840,-169.134080,0
Acc Data: 0 0 0
$5186,242,241,0,786443,20,0.000000,0,0,0,0,0,18.601982,-168.903030,-169.137280,0
Acc Data: 0 0 0
$5186,243,242,0,786443,20,0.000000,0,0,0,0,0,18.599297,-168.900300,-169.140410,0
Acc Data: 0 0 0
$5186,244,243,0,786443,20,0.000000,0,0,0,0,0,18.596704,-168.897630,-169.143450,0
Acc Data: 0 0 0
$5186,245,244,0,786443,20,0.000000,0,0,0,0,0,18.594185,-168.895030,-169.146390,0
Acc Data: 0 0 0
$5186,246,245,0,786443,20,0.000000,0,0,0,0,0,18.591759,-168.892490,-169.149260,0
Acc Data: 0 0 0
$5186,247,246,0,786443,20,0.000000,0,0,0,0,0,18.589413,-168.890030,-169.152050,0
Acc Data: 0 0 0
$5186,248,247,0,786443,20,0.000000,0,0,0,0,0,18.587139,-168.887630,-169.154770,0
Acc Data: 0 0 0
$5186,249,248,0,786443,20,0.000000,0,0,0,0,0,18.584938,-168.885300,-169.157410,0
Acc Data: 0 0 0
$5186,250,249,0,786443,20,0.000000,0,0,0,0,0,18.582813,-168.883010,-169.159960,0
Acc Data: 0 0 0
$5186,251,250,0,786443,20,0.000000,0,0,0,0,0,18.580765,-168.880780,-169.162450,0
Acc Data: 0 0 0
$5186,252,251,0,786443,20,0.000000,0,0,0,0,0,18.578772,-168.878630,-169.164870,0
Acc Data: 0 0 0
$5186,253,252,0,786443,20,0.000000,0,0,0,0,0,18.576847,-168.876530,-169.167220,0
Acc Data: 0 0 0
$5186,254,253,0,786443,20,0.000000,0,0,0,0,0,18.574989,-168.874480,-169.169490,0
Acc Data: 0 0 0
$5186,255,254,0,786443,20,0.000000,0,0,0,0,0,18.573189,-168.872470,-169.171720,0
Acc Data: 0 0 0
$5186,256,255,0,786443,20,0.000000,0,0,0,0,0,18.571444,-168.870530,-169.173890,0
Acc Data: 0 0 0
$5186,257,256,0,786443,20,0.000000,0,0,0,0,0,18.569757,-168.868620,-169.175980,0
Acc Data: 0 0 0
$5186,258,257,0,786443,20,0.000000,0,0,0,0,0,18.568136,-168.866790,-169.178010,0
Acc Data: 0 0 0
$5186,259,258,0,786443,20,0.000000,0,0,0,0,0,18.566559,-168.864990,-169.179990,0
Acc Data: 0 0 0
$5186,260,259,0,786443,20,0.000000,0,0,0,0,0,18.565031,-168.863240,-169.181920,0
Acc Data: 0 0 0
$5186,261,260,0,786443,20,0.000000,0,0,0,0,0,18.563560,-168.861540,-169.183790,0
Acc Data: 0 0 0
$5186,266,265,0,786443,20,0.000000,0,0,0,0,0,18.556877,-168.853650,-169.192400,0
Acc Data: 0 0 0
$5186,267,266,0,786443,20,0.000000,0,0,0,0,0,18.555674,-168.852190,-169.193970,0
Acc Data: 0 0 0
$5186,268,267,0,786443,20,0.000000,0,0,0,0,0,18.554499,-168.850780,-169.195500,0
Acc Data: 0 0 0
$5186,269,268,0,786443,20,0.000000,0,0,0,0,0,18.553371,-168.849410,-169.196990,0
Acc Data: 0 0 0
$5186,270,269,0,786443,20,0.000000,0,0,0,0,0,18.552277,-168.848050,-169.198440,0
Acc Data: 0 0 0
$5186,271,270,0,786443,20,0.000000,0,0,0,0,0,18.551222,-168.846760,-169.199840,0
Acc Data: 0 0 0
$5186,272,271,0,786443,20,0.000000,0,0,0,0,0,18.550201,-168.845470,-169.201220,0
Acc Data: 0 0 0
$5186,273,272,0,786443,20,0.000000,0,0,0,0,0,18.549204,-168.844240,-169.202550,0
Acc Data: 0 0 0
$5186,274,273,0,786443,20,0.000000,0,0,0,0,0,18.548244,-168.843030,-169.203840,0
Acc Data: 0 0 0
$5186,275,274,0,786443,20,0.000000,0,0,0,0,0,18.547319,-168.841860,-169.205090,0
Acc Data: 0 0 0
$5186,294,293,0,786443,20,0.000000,0,0,0,0,0,18.534466,-168.824570,-169.223310,0
Acc Data: 0 0 0
$5186,295,294,0,786443,20,0.000000,0,0,0,0,0,18.533985,-168.823880,-169.224010,0
Acc Data: 0 0 0
$5186,296,295,0,786443,20,0.000000,0,0,0,0,0,18.533527,-168.823230,-169.224720,0
Acc Data: 0 0 0
$5186,297,296,0,786443,20,0.000000,0,0,0,0,0,18.533073,-168.822570,-169.225390,0
Acc Data: 0 0 0
$5186,298,297,0,786443,20,0.000000,0,0,0,0,0,18.532640,-168.821930,-169.226040,0
Acc Data: 0 0 0
$5186,299,298,0,786443,20,0.000000,0,0,0,0,0,18.532223,-168.821300,-169.226680,0
Acc Data: 0 0 0
$5186,330,329,0,786443,20,0.000000,0,0,0,0,0,18.524189,-168.808500,-169.239650,0
Acc Data: 0 0 0
$5186,331,330,0,786443,20,0.000000,0,0,0,0,0,18.524036,-168.808240,-169.239910,0
Acc Data: 0 0 0
$5186,332,331,0,786443,20,0.000000,0,0,0,0,0,18.523895,-168.808000,-169.240170,0
Acc Data: 0 0 0
$5186,333,332,0,786443,20,0.000000,0,0,0,0,0,18.523754,-168.807740,-169.240420,0
Acc Data: 0 0 0
$5186,334,333,0,786443,20,0.000000,0,0,0,0,0,18.523624,-168.807510,-169.240660,0
Acc Data: 0 0 0
$5186,335,334,0,786443,20,0.000000,0,0,0,0,0,18.523495,-168.807280,-169.240890,0
Acc Data: 0 0 0
$5186,336,335,0,786443,20,0.000000,0,0,0,0,0,18.523363,-168.807050,-169.241100,0
Acc Data: 0 0 0
$5186,337,336,0,786443,20,0.000000,0,0,0,0,0,18.523249,-168.806820,-169.241320,0
Acc Data: 0 0 0
$5186,338,337,0,786443,20,0.000000,0,0,0,0,0,18.523134,-168.806610,-169.241550,0
Acc Data: 0 0 0
$5186,339,338,0,786443,20,0.000000,0,0,0,0,0,18.523014,-168.806410,-169.241740,0
Acc Data: 0 0 0
$5186,340,339,0,786443,20,0.000000,0,0,0,0,0,18.522909,-168.806200,-169.241960,0
Acc Data: 0 0 0
$5186,341,340,0,786443,20,0.000000,0,0,0,0,0,18.522800,-168.806020,-169.242140,0
Acc Data: 0 0 0
$5186,342,341,0,786443,20,0.000000,0,0,0,0,0,18.522696,-168.805800,-169.242340,0
Acc Data: 0 0 0
$5186,343,342,0,786443,20,0.000000,0,0,0,0,0,18.522608,-168.805620,-169.242510,0
Acc Data: 0 0 0
$5186,344,343,0,786443,20,0.000000,0,0,0,0,0,18.522503,-168.805440,-169.242710,0
Acc Data: 0 0 0
$5186,345,344,0,786443,20,0.000000,0,0,0,0,0,18.522409,-168.805250,-169.242870,0
Acc Data: 0 0 0
$5186,346,345,0,786443,20,0.000000,0,0,0,0,0,18.522320,-168.805100,-169.243040,0
Acc Data: 0 0 0
$5186,347,346,0,786443,20,0.000000,0,0,0,0,0,18.522232,-168.804920,-169.243210,0
Acc Data: 0 0 0
$5186,348,347,0,786443,20,0.000000,0,0,0,0,0,18.522148,-168.804750,-169.243380,0
Acc Data: 0 0 0
$5186,349,348,0,786443,20,0.000000,0,0,0,0,0,18.522064,-168.804600,-169.243530,0
Acc Data: 0 0 0
$5186,350,349,0,786443,20,0.000000,0,0,0,0,0,18.521988,-168.804440,-169.243670,0
Acc Data: 0 0 0
$5186,351,350,0,786443,20,0.000000,0,0,0,0,0,18.521908,-168.804290,-169.243820,0
Acc Data: 0 0 0
$5186,352,351,0,786443,20,0.000000,0,0,0,0,0,18.521826,-168.804150,-169.243960,0
Acc Data: 0 0 0
$5186,353,352,0,786443,20,0.000000,0,0,0,0,0,18.521767,-168.804000,-169.244110,0
Acc Data: 0 0 0
$5186,354,353,0,786443,20,0.000000,0,0,0,0,0,18.521688,-168.803860,-169.244230,0
Acc Data: 0 0 0
$5186,355,354,0,786443,20,0.000000,0,0,0,0,0,18.521616,-168.803730,-169.244370,0
Acc Data: 0 0 0
$5186,356,355,0,786443,20,0.000000,0,0,0,0,0,18.521564,-168.803590,-169.244490,0
Acc Data: 0 0 0
$5186,357,356,0,786443,20,0.000000,0,0,0,0,0,18.521490,-168.803470,-169.244630,0
Acc Data: 0 0 0
$5186,358,357,0,786443,20,0.000000,0,0,0,0,0,18.521435,-168.803340,-169.244740,0
Acc Data: 0 0 0
$5186,359,358,0,786443,20,0.000000,0,0,0,0,0,18.521376,-168.803220,-169.244860,0
Acc Data: 0 0 0
$5186,360,359,0,786443,20,0.000000,0,0,0,0,0,18.521318,-168.803100,-169.244960,0
Acc Data: 0 0 0
$5186,361,360,0,786443,20,0.000000,0,0,0,0,0,18.521261,-168.802990,-169.245090,0
Acc Data: 0 0 0
$5186,362,361,0,786443,20,0.000000,0,0,0,0,0,18.521208,-168.802890,-169.245190,0
Acc Data: 0 0 0
$5186,363,362,0,786443,20,0.000000,0,0,0,0,0,18.521152,-168.802760,-169.245300,0
Acc Data: 0 0 0
$5186,364,363,0,786443,20,0.000000,0,0,0,0,0,18.521105,-168.802660,-169.245410,0
Acc Data: 0 0 0
$5186,365,364,0,786443,20,0.000000,0,0,0,0,0,18.521059,-168.802550,-169.245500,0
Acc Data: 0 0 0
$5186,366,365,0,786443,20,0.000000,0,0,0,0,0,18.521006,-168.802460,-169.245610,0
Acc Data: 0 0 0
$5186,367,366,0,786443,20,0.000000,0,0,0,0,0,18.520964,-168.802370,-169.245700,0
Acc Data: 0 0 0
$5186,368,367,0,786443,20,0.000000,0,0,0,0,0,18.520922,-168.802260,-169.245790,0
Acc Data: 0 0 0
$5186,369,368,0,786443,20,0.000000,0,0,0,0,0,18.520876,-168.802170,-169.245880,0
Acc Data: 0 0 0
$5186,370,369,0,786443,20,0.000000,0,0,0,0,0,18.520832,-168.802090,-169.245960,0
Acc Data: 0 0 0
$5186,371,370,0,786443,20,0.000000,0,0,0,0,0,18.520792,-168.801990,-169.246050,0
Acc Data: 0 0 0
$5186,372,371,0,786443,20,0.000000,0,0,0,0,0,18.520756,-168.801910,-169.246120,0
Acc Data: 0 0 0
$5186,373,372,0,786443,20,0.000000,0,0,0,0,0,18.520718,-168.801830,-169.246200,0
Acc Data: 0 0 0
$5186,374,373,0,786443,20,0.000000,0,0,0,0,0,18.520678,-168.801740,-169.246280,0
Acc Data: 0 0 0
$5186,375,374,0,786443,20,0.000000,0,0,0,0,0,18.520639,-168.801670,-169.246370,0
Acc Data: 0 0 0
$5186,376,375,0,786443,20,0.000000,0,0,0,0,0,18.520603,-168.801590,-169.246430,0
Acc Data: 0 0 0
$5186,377,376,0,786443,20,0.000000,0,0,0,0,0,18.520578,-168.801510,-169.246510,0
Acc Data: 0 0 0
$5186,378,377,0,786443,20,0.000000,0,0,0,0,0,18.520540,-168.801450,-169.246570,0
Acc Data: 0 0 0
$5186,379,378,0,786443,20,0.000000,0,0,0,0,0,18.520510,-168.801380,-169.246640,0
Acc Data: 0 0 0
$5186,380,379,0,786443,20,0.000000,0,0,0,0,0,18.520472,-168.801320,-169.246700,0
Acc Data: 0 0 0
$5186,381,380,0,786443,20,0.000000,0,0,0,0,0,18.520452,-168.801240,-169.246780,0
Acc Data: 0 0 0
$5186,382,381,0,786443,20,0.000000,0,0,0,0,0,18.520422,-168.801190,-169.246830,0
Acc Data: 0 0 0
$5186,383,382,0,786443,20,0.000000,0,0,0,0,0,18.520395,-168.801120,-169.246900,0
Acc Data: 0 0 0
$5186,384,383,0,786443,20,0.000000,0,0,0,0,0,18.520369,-168.801060,-169.246950,0
Acc Data: 0 0 0
$5186,385,384,0,786443,20,0.000000,0,0,0,0,0,18.520338,-168.800990,-169.247010,0
Acc Data: 0 0 0
$5186,386,385,0,786443,20,0.000000,0,0,0,0,0,18.520317,-168.800930,-169.247060,0
Acc Data: 0 0 0
$5186,387,386,0,786443,20,0.000000,0,0,0,0,0,18.520296,-168.800890,-169.247120,0
Acc Data: 0 0 0
$5186,388,387,0,786443,20,0.000000,0,0,0,0,0,18.520264,-168.800830,-169.247180,0
Acc Data: 0 0 0
$5186,389,388,0,786443,20,0.000000,0,0,0,0,0,18.520248,-168.800780,-169.247220,0
Acc Data: 0 0 0
$5186,390,389,0,786443,20,0.000000,0,0,0,0,0,18.520233,-168.800720,-169.247270,0
Acc Data: 0 0 0
$5186,391,390,0,786443,20,0.000000,0,0,0,0,0,18.520203,-168.800670,-169.247310,0
Acc Data: 0 0 0
$5186,392,391,0,786443,20,0.000000,0,0,0,0,0,18.520180,-168.800630,-169.247360,0
Acc Data: 0 0 0
$5186,393,392,0,786443,20,0.000000,0,0,0,0,0,18.520164,-168.800570,-169.247410,0
Acc Data: 0 0 0
$5186,394,393,0,786443,20,0.000000,0,0,0,0,0,18.520145,-168.800540,-169.247440,0
Acc Data: 0 0 0
$5186,395,394,0,786443,20,0.000000,0,0,0,0,0,18.520124,-168.800480,-169.247500,0
Acc Data: 0 0 0
$5186,396,395,0,786443,20,0.000000,0,0,0,0,0,18.520109,-168.800430,-169.247540,0
Acc Data: 0 0 0
$5186,399,398,0,786443,20,0.000000,0,0,0,0,0,18.520056,-168.800310,-169.247650,0
Acc Data: 0 0 0
$5186,400,399,0,786443,20,0.000000,0,0,0,0,0,18.520041,-168.800280,-169.247700,0
Acc Data: 0 0 0
$5186,401,400,0,786443,20,0.000000,0,0,0,0,0,18.520031,-168.800230,-169.247730,0
Acc Data: 0 0 0
$5186,402,401,0,786443,20,0.000000,0,0,0,0,0,18.520008,-168.800190,-169.247760,0
Acc Data: 0 0 0
$5186,403,402,0,786443,20,0.000000,0,0,0,0,0,18.519999,-168.800160,-169.247800,0
Acc Data: 0 0 0
$5186,404,403,0,786443,20,0.000000,0,0,0,0,0,18.519987,-168.800130,-169.247830,0
Acc Data: 0 0 0
$5186,405,404,0,786443,20,0.000000,0,0,0,0,0,18.519968,-168.800090,-169.247860,0
Acc Data: 0 0 0
$5186,406,405,0,786443,20,0.000000,0,0,0,0,0,18.519957,-168.800050,-169.247890,0
Acc Data: 0 0 0
$5186,407,406,0,786443,20,0.000000,0,0,0,0,0,18.519941,-168.800020,-169.247920,0
Acc Data: 0 0 0
$5186,408,407,0,786443,20,0.000000,0,0,0,0,0,18.519926,-168.799990,-169.247960,0
Acc Data: 0 0 0
$5186,409,408,0,786443,20,0.000000,0,0,0,0,0,18.519920,-168.799960,-169.247970,0
Acc Data: 0 0 0
$5186,410,409,0,786443,20,0.000000,0,0,0,0,0,18.519905,-168.799930,-169.248020,0
Acc Data: 0 0 0
$5186,411,410,0,786443,20,0.000000,0,0,0,0,0,18.519899,-168.799900,-169.248050,0
Acc Data: 0 0 0
$5186,412,411,0,786443,20,0.000000,0,0,0,0,0,18.519894,-168.799880,-169.248060,0
Acc Data: 0 0 0
$5186,413,412,0,786443,20,0.000000,0,0,0,0,0,18.519873,-168.799850,-169.248090,0
Acc Data: 0 0 0
$5186,414,413,0,786443,20,0.000000,0,0,0,0,0,18.519863,-168.799820,-169.248110,0
Acc Data: 0 0 0
$5186,415,414,0,786443,20,0.000000,0,0,0,0,0,18.519857,-168.799790,-169.248140,0
Acc Data: 0 0 0
$5186,416,415,0,786443,20,0.000000,0,0,0,0,0,18.519848,-168.799760,-169.248170,0
Acc Data: 0 0 0
$5186,417,416,0,786443,20,0.000000,0,0,0,0,0,18.519836,-168.799740,-169.248180,0
Acc Data: 0 0 0
$5186,418,417,0,786443,20,0.000000,0,0,0,0,0,18.519827,-168.799710,-169.248210,0
Acc Data: 0 0 0
$5186,419,418,0,786443,20,0.000000,0,0,0,0,0,18.519821,-168.799700,-169.248230,0
Acc Data: 0 0 0
$5186,420,419,0,786443,20,0.000000,0,0,0,0,0,18.519812,-168.799670,-169.248250,0
Acc Data: 0 0 0
$5186,421,420,0,786443,20,0.000000,0,0,0,0,0,18.519800,-168.799650,-169.248280,0
Acc Data: 0 0 0
$5186,422,421,0,786443,20,0.000000,0,0,0,0,0,18.519789,-168.799620,-169.248290,0
Acc Data: 0 0 0
$5186,423,422,0,786443,20,0.000000,0,0,0,0,0,18.519785,-168.799610,-169.248320,0
Acc Data: 0 0 0
$5186,424,423,0,786443,20,0.000000,0,0,0,0,0,18.519779,-168.799590,-169.248340,0
Acc Data: 0 0 0
$5186,425,424,0,786443,20,0.000000,0,0,0,0,0,18.519773,-168.799560,-169.248350,0
Acc Data: 0 0 0
$5186,426,425,0,786443,20,0.000000,0,0,0,0,0,18.519764,-168.799550,-169.248370,0
Acc Data: 0 0 0
$5186,427,426,0,786443,20,0.000000,0,0,0,0,0,18.519754,-168.799530,-169.248380,0
Acc Data: 0 0 0
$5186,428,427,0,786443,20,0.000000,0,0,0,0,0,18.519749,-168.799500,-169.248400,0
Acc Data: 0 0 0
$5186,429,428,0,786443,20,0.000000,0,0,0,0,0,18.519739,-168.799500,-169.248430,0
Acc Data: 0 0 0
$5186,430,429,0,786443,20,0.000000,0,0,0,0,0,18.519739,-168.799480,-169.248440,0
Acc Data: 0 0 0
$5186,431,430,0,786443,20,0.000000,0,0,0,0,0,18.519728,-168.799450,-169.248460,0
Acc Data: 0 0 0
$5186,432,431,0,786443,20,0.000000,0,0,0,0,0,18.519728,-168.799440,-169.248470,0
Acc Data: 0 0 0
$5186,433,432,0,786443,20,0.000000,0,0,0,0,0,18.519722,-168.799420,-169.248490,0
Acc Data: 0 0 0
$5186,434,433,0,786443,20,0.000000,0,0,0,0,0,18.519716,-168.799410,-169.248490,0
Acc Data: 0 0 0
$5186,435,434,0,786443,20,0.000000,0,0,0,0,0,18.519711,-168.799390,-169.248500,0
Acc Data: 0 0 0
$5186,436,435,0,786443,20,0.000000,0,0,0,0,0,18.519701,-168.799380,-169.248520,0
Acc Data: 0 0 0
$5186,437,436,0,786443,20,0.000000,0,0,0,0,0,18.519695,-168.799360,-169.248540,0
Acc Data: 0 0 0
$5186,438,437,0,786443,20,0.000000,0,0,0,0,0,18.519695,-168.799360,-169.248550,0
Acc Data: 0 0 0
$5186,439,438,0,786443,20,0.000000,0,0,0,0,0,18.519690,-168.799350,-169.248570,0
Acc Data: 0 0 0
$5186,440,439,0,786443,20,0.000000,0,0,0,0,0,18.519686,-168.799330,-169.248580,0
Acc Data: 0 0 0
$5186,441,440,0,786443,20,0.000000,0,0,0,0,0,18.519680,-168.799320,-169.248600,0
Acc Data: 0 0 0
$5186,442,441,0,786443,20,0.000000,0,0,0,0,0,18.519680,-168.799300,-169.248600,0
Acc Data: 0 0 0
$5186,443,442,0,786443,20,0.000000,0,0,0,0,0,18.519674,-168.799290,-169.248610,0
Acc Data: 0 0 0
$5186,444,443,0,786443,20,0.000000,0,0,0,0,0,18.519665,-168.799270,-169.248610,0
Acc Data: 0 0 0
$5186,445,444,0,786443,20,0.000000,0,0,0,0,0,18.519665,-168.799260,-169.248630,0
Acc Data: 0 0 0
$5186,446,445,0,786443,20,0.000000,0,0,0,0,0,18.519659,-168.799240,-169.248630,0
Acc Data: 0 0 0
$5186,447,446,0,786443,20,0.000000,0,0,0,0,0,18.519659,-168.799240,-169.248640,0
Acc Data: 0 0 0
$5186,448,447,0,786443,20,0.000000,0,0,0,0,0,18.519655,-168.799240,-169.248660,0
Acc Data: 0 0 0
$5186,449,448,0,786443,20,0.000000,0,0,0,0,0,18.519650,-168.799220,-169.248670,0
Acc Data: 0 0 0
$5186,450,449,0,786443,20,0.000000,0,0,0,0,0,18.519650,-168.799210,-169.248670,0
Acc Data: 0 0 0
$5186,451,450,0,786443,20,0.000000,0,0,0,0,0,18.519644,-168.799210,-169.248690,0
Acc Data: 0 0 0
$5186,452,451,0,786443,20,0.000000,0,0,0,0,0,18.519640,-168.799190,-169.248700,0
Acc Data: 0 0 0
$5186,453,452,0,786443,20,0.000000,0,0,0,0,0,18.519632,-168.799180,-169.248700,0
Acc Data: 0 0 0
$5186,454,453,0,786443,20,0.000000,0,0,0,0,0,18.519627,-168.799180,-169.248720,0
Acc Data: 0 0 0
$5186,455,454,0,786443,20,0.000000,0,0,0,0,0,18.519627,-168.799160,-169.248720,0
Acc Data: 0 0 0
$5186,456,455,0,786443,20,0.000000,0,0,0,0,0,18.519623,-168.799150,-169.248730,0
Acc Data: 0 0 0
$5186,457,456,0,786443,20,0.000000,0,0,0,0,0,18.519623,-168.799150,-169.248730,0
Acc Data: 0 0 0
$5186,458,457,0,786443,20,0.000000,0,0,0,0,0,18.519623,-168.799130,-169.248750,0
Acc Data: 0 0 0
$5186,459,458,0,786443,20,0.000000,0,0,0,0,0,18.519617,-168.799120,-169.248750,0
Acc Data: 0 0 0
$5186,460,459,0,786443,20,0.000000,0,0,0,0,0,18.519617,-168.799120,-169.248750,0
Acc Data: 0 0 0
$5186,461,460,0,786443,20,0.000000,0,0,0,0,0,18.519623,-168.799100,-169.248760,0
Acc Data: 0 0 0
$5186,462,461,0,786443,20,0.000000,0,0,0,0,0,18.519617,-168.799100,-169.248760,0
Acc Data: 0 0 0
$5186,463,462,0,786443,20,0.000000,0,0,0,0,0,18.519611,-168.799100,-169.248760,0
Acc Data: 0 0 0
$5186,464,463,0,786443,20,0.000000,0,0,0,0,0,18.519611,-168.799100,-169.248780,0
Acc Data: 0 0 0
$5186,465,464,0,786443,20,0.000000,0,0,0,0,0,18.519611,-168.799090,-169.248780,0
Acc Data: 0 0 0
$5186,466,465,0,786443,20,0.000000,0,0,0,0,0,18.519611,-168.799090,-169.248790,0
Acc Data: 0 0 0
$5186,467,466,0,786443,20,0.000000,0,0,0,0,0,18.519611,-168.799090,-169.248790,0
Acc Data: 0 0 0
$5186,468,467,0,786443,20,0.000000,0,0,0,0,0,18.519611,-168.799070,-169.248810,0
Acc Data: 0 0 0
$5186,469,468,0,786443,20,0.000000,0,0,0,0,0,18.519602,-168.799070,-169.248810,0
Acc Data: 0 0 0
$5186,470,469,0,786443,20,0.000000,0,0,0,0,0,18.519608,-168.799060,-169.248810,0
Acc Data: 0 0 0
$5186,471,470,0,786443,20,0.000000,0,0,0,0,0,18.519602,-168.799060,-169.248830,0
Acc Data: 0 0 0
$5186,472,471,0,786443,20,0.000000,0,0,0,0,0,18.519602,-168.799040,-169.248830,0
Acc Data: 0 0 0
$5186,473,472,0,786443,20,0.000000,0,0,0,0,0,18.519602,-168.799040,-169.248840,0
Acc Data: 0 0 0
$5186,474,473,0,786443,20,0.000000,0,0,0,0,0,18.519602,-168.799040,-169.248840,0
Acc Data: 0 0 0
$5186,475,474,0,786443,20,0.000000,0,0,0,0,0,18.519596,-168.799030,-169.248840,0
Acc Data: 0 0 0
$5186,476,475,0,786443,20,0.000000,0,0,0,0,0,18.519592,-168.799030,-169.248860,0
Acc Data: 0 0 0
$5186,477,476,0,786443,20,0.000000,0,0,0,0,0,18.519587,-168.799030,-169.248860,0
Acc Data: 0 0 0
$5186,478,477,0,786443,20,0.000000,0,0,0,0,0,18.519587,-168.799010,-169.248860,0
Acc Data: 0 0 0
$5186,479,478,0,786443,20,0.000000,0,0,0,0,0,18.519587,-168.799010,-169.248860,0
Acc Data: 0 0 0
$5186,480,479,0,786443,20,0.000000,0,0,0,0,0,18.519581,-168.799010,-169.248870,0
Acc Data: 0 0 0
$5186,481,480,0,786443,20,0.000000,0,0,0,0,0,18.519581,-168.799000,-169.248870,0
Acc Data: 0 0 0
$5186,482,481,0,786443,20,0.000000,0,0,0,0,0,18.519581,-168.799000,-169.248870,0
Acc Data: 0 0 0
$5186,483,482,0,786443,20,0.000000,0,0,0,0,0,18.519581,-168.799000,-169.248870,0
Acc Data: 0 0 0
$5186,484,483,0,786443,20,0.000000,0,0,0,0,0,18.519575,-168.799000,-169.248870,0
Acc Data: 0 0 0
$5186,485,484,0,786443,20,0.000000,0,0,0,0,0,18.519575,-168.798980,-169.248870,0
Acc Data: 0 0 0
$5186,486,485,0,786443,20,0.000000,0,0,0,0,0,18.519575,-168.798980,-169.248870,0
Acc Data: 0 0 0
$5186,487,486,0,786443,20,0.000000,0,0,0,0,0,18.519575,-168.798980,-169.248890,0
Acc Data: 0 0 0
$5186,488,487,0,786443,20,0.000000,0,0,0,0,0,18.519575,-168.798980,-169.248890,0
Acc Data: 0 0 0
$5186,489,488,0,786443,20,0.000000,0,0,0,0,0,18.519575,-168.798980,-169.248890,0
Acc Data: 0 0 0
$5186,490,489,0,786443,20,0.000000,0,0,0,0,0,18.519575,-168.798980,-169.248890,0
Acc Data: 0 0 0
$5186,491,490,0,786443,20,0.000000,0,0,0,0,0,18.519575,-168.798980,-169.248890,0
Acc Data: 0 0 0
$5186,492,491,0,786443,20,0.000000,0,0,0,0,0,18.519575,-168.798980,-169.248900,0
Acc Data: 0 0 0
$5186,493,492,0,786443,20,0.000000,0,0,0,0,0,18.519575,-168.798970,-169.248900,0
Acc Data: 0 0 0
$5186,494,493,0,786443,20,0.000000,0,0,0,0,0,18.519575,-168.798970,-169.248900,0
Acc Data: 0 0 0
$5186,495,494,0,786443,20,0.000000,0,0,0,0,0,18.519571,-168.798970,-169.248900,0
Acc Data: 0 0 0
$5186,496,495,0,786443,20,0.000000,0,0,0,0,0,18.519571,-168.798970,-169.248920,0
Acc Data: 0 0 0
$5186,497,496,0,786443,20,0.000000,0,0,0,0,0,18.519571,-168.798950,-169.248920,0
Acc Data: 0 0 0
$5186,498,497,0,786443,20,0.000000,0,0,0,0,0,18.519571,-168.798950,-169.248920,0
Acc Data: 0 0 0
$5186,499,498,0,786443,20,0.000000,0,0,0,0,0,18.519566,-168.798950,-169.248920,0
Acc Data: 0 0 0
$5186,500,499,0,786443,20,0.000000,0,0,0,0,0,18.519566,-168.798950,-169.248920,0
Acc Data: 0 0 0
$5186,501,500,0,786443,20,0.000000,0,0,0,0,0,18.519566,-168.798950,-169.248920,0
Acc Data: 0 0 0
$5186,502,501,0,786443,20,0.000000,0,0,0,0,0,18.519566,-168.798930,-169.248920,0
Acc Data: 0 0 0
$5186,503,502,0,786443,20,0.000000,0,0,0,0,0,18.519566,-168.798930,-169.248930,0
Acc Data: 0 0 0
$5186,504,503,0,786443,20,0.000000,0,0,0,0,0,18.519566,-168.798930,-169.248930,0
Acc Data: 0 0 0
$5186,505,504,0,786443,20,0.000000,0,0,0,0,0,18.519566,-168.798930,-169.248930,0
Acc Data: 0 0 0
$5186,506,505,0,786443,20,0.000000,0,0,0,0,0,18.519566,-168.798930,-169.248930,0
Acc Data: 0 0 0
$5186,507,506,0,786443,20,0.000000,0,0,0,0,0,18.519566,-168.798930,-169.248930,0
Acc Data: 0 0 0
$5186,508,507,0,786443,20,0.000000,0,0,0,0,0,18.519566,-168.798920,-169.248930,0
Acc Data: 0 0 0
$5186,509,508,0,786443,20,0.000000,0,0,0,0,0,18.519566,-168.798920,-169.248930,0
Acc Data: 0 0 0
$5186,510,509,0,786443,20,0.000000,0,0,0,0,0,18.519566,-168.798920,-169.248950,0
Acc Data: 0 0 0
$5186,511,510,0,786443,20,0.000000,0,0,0,0,0,18.519566,-168.798920,-169.248950,0
Acc Data: 0 0 0
$5186,512,511,0,786443,20,0.000000,0,0,0,0,0,18.519566,-168.798920,-169.248950,0
Acc Data: 0 0 0
$5186,513,512,0,786443,20,0.000000,0,0,0,0,0,18.519566,-168.798920,-169.248950,0
Acc Data: 0 0 0
$5186,514,513,0,786443,20,0.000000,0,0,0,0,0,18.519566,-168.798920,-169.248950,0
Acc Data: 0 0 0
$5186,515,514,0,786443,20,0.000000,0,0,0,0,0,18.519566,-168.798920,-169.248950,0
Acc Data: 0 0 0
$5186,516,515,0,786443,20,0.000000,0,0,0,0,0,18.519566,-168.798900,-169.248950,0
Acc Data: 0 0 0
$5186,517,516,0,786443,20,0.000000,0,0,0,0,0,18.519566,-168.798900,-169.248950,0
Acc Data: 0 0 0
$5186,518,517,0,786443,20,0.000000,0,0,0,0,0,18.519566,-168.798900,-169.248960,0
Acc Data: 0 0 0
$5186,519,518,0,786443,20,0.000000,0,0,0,0,0,18.519566,-168.798900,-169.248960,0
Acc Data: 0 0 0
$5186,520,519,0,786443,20,0.000000,0,0,0,0,0,18.519566,-168.798900,-169.248960,0
Acc Data: 0 0 0
$5186,521,520,0,786443,20,0.000000,0,0,0,0,0,18.519566,-168.798900,-169.248960,0
Acc Data: 0 0 0
$5186,522,521,0,786443,20,0.000000,0,0,0,0,0,18.519566,-168.798900,-169.248960,0
Acc Data: 0 0 0
$5186,523,522,0,786443,20,0.000000,0,0,0,0,0,18.519566,-168.798900,-169.248960,0
Acc Data: 0 0 0
$5186,524,523,0,786443,20,0.000000,0,0,0,0,0,18.519566,-168.798900,-169.248960,0
Acc Data: 0 0 0
$5186,525,524,0,786443,20,0.000000,0,0,0,0,0,18.519566,-168.798890,-169.248960,0
Acc Data: 0 0 0
$5186,526,525,0,786443,20,0.000000,0,0,0,0,0,18.519566,-168.798890,-169.248960,0
Acc Data: 0 0 0
$5186,527,526,0,786443,20,0.000000,0,0,0,0,0,18.519566,-168.798890,-169.248960,0
Acc Data: 0 0 0
$5186,528,527,0,786443,20,0.000000,0,0,0,0,0,18.519566,-168.798890,-169.248960,0
Acc Data: 0 0 0
$5186,529,528,0,786443,20,0.000000,0,0,0,0,0,18.519566,-168.798890,-169.248960,0
Acc Data: 0 0 0
$5186,530,529,0,786443,20,0.000000,0,0,0,0,0,18.519566,-168.798890,-169.248960,0
Acc Data: 0 0 0
$5186,531,530,0,786443,20,0.000000,0,0,0,0,0,18.519566,-168.798890,-169.248960,0
Acc Data: 0 0 0
$5186,532,531,0,786443,20,0.000000,0,0,0,0,0,18.519566,-168.798890,-169.248980,0
Acc Data: 0 0 0
$5186,533,532,0,786443,20,0.000000,0,0,0,0,0,18.519566,-168.798890,-169.248980,0
Acc Data: 0 0 0
$5186,534,533,0,786443,20,0.000000,0,0,0,0,0,18.519566,-168.798890,-169.248980,0
Acc Data: 0 0 0
$5186,535,534,0,786443,20,0.000000,0,0,0,0,0,18.519566,-168.798890,-169.248980,0
Acc Data: 0 0 0
$5186,536,535,0,786443,20,0.000000,0,0,0,0,0,18.519566,-168.798890,-169.248980,0
Acc Data: 0 0 0
$5186,537,536,0,786443,20,0.000000,0,0,0,0,0,18.519566,-168.798890,-169.248980,0
Acc Data: 0 0 0
$5186,538,537,0,786443,20,0.000000,0,0,0,0,0,18.519566,-168.798890,-169.248980,0
Acc Data: 0 0 0
$5186,539,538,0,786443,20,0.000000,0,0,0,0,0,18.519566,-168.798890,-169.248980,0
Acc Data: 0 0 0
$5186,540,539,0,786443,20,0.000000,0,0,0,0,0,18.519566,-168.798870,-169.248980,0
Acc Data: 0 0 0
$5186,541,540,0,786443,20,0.000000,0,0,0,0,0,18.519566,-168.798870,-169.248980,0
Acc Data: 0 0 0
$5186,542,541,0,786443,20,0.000000,0,0,0,0,0,18.519566,-168.798870,-169.248980,0
Acc Data: 0 0 0
$5186,543,542,0,786443,20,0.000000,0,0,0,0,0,18.519566,-168.798870,-169.248980,0
Acc Data: 0 0 0
$5186,544,543,0,786443,20,0.000000,0,0,0,0,0,18.519566,-168.798870,-169.248980,0
Acc Data: 0 0 0
$5186,545,544,0,786443,20,0.000000,0,0,0,0,0,18.519566,-168.798870,-169.248980,0
Acc Data: 0 0 0
$5186,546,545,0,786443,20,0.000000,0,0,0,0,0,18.519566,-168.798870,-169.248980,0
Acc Data: 0 0 0
$5186,547,546,0,786443,20,0.000000,0,0,0,0,0,18.519566,-168.798870,-169.248980,0
Acc Data: 0 0 0
$5186,548,547,0,786443,20,0.000000,0,0,0,0,0,18.519566,-168.798870,-169.248980,0
Acc Data: 0 0 0
$5186,549,548,0,786443,20,0.000000,0,0,0,0,0,18.519566,-168.798870,-169.248980,0
Acc Data: 0 0 0
$5186,550,549,0,786443,20,0.000000,0,0,0,0,0,18.519566,-168.798870,-169.248990,0
Acc Data: 0 0 0
$5186,551,550,0,786443,20,0.000000,0,0,0,0,0,18.519566,-168.798870,-169.248990,0
Acc Data: 0 0 0
$5186,552,551,0,786443,20,0.000000,0,0,0,0,0,18.519566,-168.798870,-169.248990,0
Acc Data: 0 0 0
$5186,553,552,0,786443,20,0.000000,0,0,0,0,0,18.519566,-168.798870,-169.248990,0
Acc Data: 0 0 0
$5186,554,553,0,786443,20,0.000000,0,0,0,0,0,18.519566,-168.798870,-169.248990,0
Acc Data: 0 0 0
$5186,555,554,0,786443,20,0.000000,0,0,0,0,0,18.519566,-168.798870,-169.248990,0
Acc Data: 0 0 0
$5186,556,555,0,786443,20,0.000000,0,0,0,0,0,18.519566,-168.798860,-169.248990,0
Acc Data: 0 0 0
$5186,557,556,0,786443,20,0.000000,0,0,0,0,0,18.519566,-168.798860,-169.248990,0
Acc Data: 0 0 0
$5186,558,557,0,786443,20,0.000000,0,0,0,0,0,18.519566,-168.798860,-169.248990,0
Acc Data: 0 0 0
$5186,559,558,0,786443,20,0.000000,0,0,0,0,0,18.519566,-168.798860,-169.248990,0
Acc Data: 0 0 0
$5186,560,559,0,786443,20,0.000000,0,0,0,0,0,18.519566,-168.798860,-169.248990,0
Acc Data: 0 0 0
$5186,561,560,0,786443,20,0.000000,0,0,0,0,0,18.519566,-168.798860,-169.248990,0
Acc Data: 0 0 0
$5186,562,561,0,786443,20,0.000000,0,0,0,0,0,18.519566,-168.798860,-169.248990,0
Acc Data: 0 0 0
$5186,563,562,0,786443,20,0.000000,0,0,0,0,0,18.519566,-168.798860,-169.248990,0
Acc Data: 0 0 0
$5186,564,563,0,786443,20,0.000000,0,0,0,0,0,18.519566,-168.798860,-169.248990,0
Acc Data: 0 0 0
$5186,565,564,0,786443,20,0.000000,0,0,0,0,0,18.519566,-168.798860,-169.248990,0
Acc Data: 0 0 0
$5186,566,565,0,786443,20,0.000000,0,0,0,0,0,18.519566,-168.798860,-169.248990,0
Acc Data: 0 0 0
$5186,567,566,0,786443,20,0.000000,0,0,0,0,0,18.519566,-168.798860,-169.248990,0
Acc Data: 0 0 0
$5186,568,567,0,786443,20,0.000000,0,0,0,0,0,18.519566,-168.798860,-169.248990,0
Acc Data: 0 0 0
$5186,569,568,0,786443,20,0.000000,0,0,0,0,0,18.519566,-168.798860,-169.248990,0
Acc Data: 0 0 0
$5186,570,569,0,786443,20,0.000000,0,0,0,0,0,18.519566,-168.798860,-169.248990,0
Acc Data: 0 0 0
$5186,571,570,0,786443,20,0.000000,0,0,0,0,0,18.519566,-168.798860,-169.248990,0
Acc Data: 0 0 0
$5186,572,571,0,786443,20,0.000000,0,0,0,0,0,18.519566,-168.798860,-169.248990,0
Acc Data: 0 0 0
$5186,573,572,0,786443,20,0.000000,0,0,0,0,0,18.519566,-168.798860,-169.248990,0
Acc Data: 0 0 0
$5186,574,573,0,786443,20,0.000000,0,0,0,0,0,18.519566,-168.798860,-169.248990,0
Acc Data: 0 0 0
$5186,575,574,0,786443,20,0.000000,0,0,0,0,0,18.519566,-168.798860,-169.248990,0
Acc Data: 0 0 0
$5186,576,575,0,786443,20,0.000000,0,0,0,0,0,18.519566,-168.798860,-169.248990,0
Acc Data: 0 0 0
$5186,577,576,0,786443,20,0.000000,0,0,0,0,0,18.519566,-168.798860,-169.248990,0
Acc Data: 0 0 0
$5186,578,577,0,786443,20,0.000000,0,0,0,0,0,18.519566,-168.798860,-169.248990,0
Acc Data: 0 0 0
$5186,579,578,0,786443,20,0.000000,0,0,0,0,0,18.519566,-168.798860,-169.248990,0
Acc Data: 0 0 0
$5186,580,579,0,786443,20,0.000000,0,0,0,0,0,18.519566,-168.798860,-169.248990,0
Acc Data: 0 0 0
$5186,581,580,0,786443,20,0.000000,0,0,0,0,0,18.519566,-168.798860,-169.248990,0
Acc Data: 0 0 0
$5186,582,581,0,786443,20,0.000000,0,0,0,0,0,18.519566,-168.798860,-169.248990,0
Acc Data: 0 0 0
$5186,583,582,0,786443,20,0.000000,0,0,0,0,0,18.519566,-168.798860,-169.248990,0
Acc Data: 0 0 0
$5186,584,583,0,786443,20,0.000000,0,0,0,0,0,18.519566,-168.798860,-169.248990,0
Acc Data: 0 0 0
$5186,585,584,0,786443,20,0.000000,0,0,0,0,0,18.519566,-168.798860,-169.248990,0
Acc Data: 0 0 0
$5186,586,585,0,786443,20,0.000000,0,0,0,0,0,18.519566,-168.798860,-169.248990,0
Acc Data: 0 0 0
$5186,587,586,0,786443,20,0.000000,0,0,0,0,0,18.519566,-168.798860,-169.248990,0
Acc Data: 0 0 0
$5186,588,587,0,786443,20,0.000000,0,0,0,0,0,18.519566,-168.798860,-169.248990,0
Acc Data: 0 0 0
$5186,589,588,0,786443,20,0.000000,0,0,0,0,0,18.519566,-168.798860,-169.248990,0
Acc Data: 0 0 0
$5186,590,589,0,786443,20,0.000000,0,0,0,0,0,18.519566,-168.798860,-169.248990,0
Acc Data: 0 0 0
$5186,591,590,0,786443,20,0.000000,0,0,0,0,0,18.519566,-168.798860,-169.248990,0
Acc Data: 0 0 0
$5186,592,591,0,786443,20,0.000000,0,0,0,0,0,18.519566,-168.798860,-169.248990,0
Acc Data: 0 0 0
$5186,593,592,0,786443,20,0.000000,0,0,0,0,0,18.519566,-168.798860,-169.248990,0
Acc Data: 0 0 0
$5186,596,595,0,786443,20,0.000000,0,0,0,0,0,18.519566,-168.798860,-169.248990,0
Acc Data: 0 0 0
$5186,597,596,0,786443,20,0.000000,0,0,0,0,0,18.519566,-168.798860,-169.248990,0
Acc Data: 0 0 0
$5186,598,597,0,786443,20,0.000000,0,0,0,0,0,18.519566,-168.798860,-169.248990,0
Acc Data: 0 0 0
$5186,599,598,0,786443,20,0.000000,0,0,0,0,0,18.519566,-168.798860,-169.248990,0
Acc Data: 0 0 0
$5186,600,599,0,786443,20,0.000000,0,0,0,0,0,18.519566,-168.798860,-169.248990,0
Acc Data: 0 0 0
$5186,601,600,0,786443,20,0.000000,0,0,0,0,0,18.519566,-168.798860,-169.248990,0
Acc Data: 0 0 0
$5186,602,601,0,786443,20,0.000000,0,0,0,0,0,18.519566,-168.798860,-169.248990,0
Acc Data: 0 0 0
$5186,603,602,0,786443,20,0.000000,0,0,0,0,0,18.519566,-168.798860,-169.248990,0
Acc Data: 0 0 0
$5186,604,603,0,786443,20,0.000000,0,0,0,0,0,18.519566,-168.798860,-169.248990,0
Acc Data: 0 0 0
$5186,605,604,0,786443,20,0.000000,0,0,0,0,0,18.519566,-168.798860,-169.248990,0
Acc Data: 0 0 0
$5186,606,605,0,786443,20,0.000000,0,0,0,0,0,18.519566,-168.798860,-169.248990,0
Acc Data: 0 0 0
$5186,607,606,0,786443,20,0.000000,0,0,0,0,0,18.519566,-168.798860,-169.248990,0
Acc Data: 0 0 0
$5186,608,607,0,786443,20,0.000000,0,0,0,0,0,18.519566,-168.798860,-169.248990,0
Acc Data: 0 0 0
$5186,609,608,0,786443,20,0.000000,0,0,0,0,0,18.519566,-168.798860,-169.248990,0
Acc Data: 0 0 0
$5186,610,609,0,786443,20,0.000000,0,0,0,0,0,18.519566,-168.798860,-169.248990,0
Acc Data: 0 0 0
$5186,611,610,0,786443,20,0.000000,0,0,0,0,0,18.519566,-168.798860,-169.248990,0
Acc Data: 0 0 0
$5186,612,611,0,786443,20,0.000000,0,0,0,0,0,18.519566,-168.798860,-169.248990,0
Acc Data: 0 0 0
$5186,613,612,0,786443,20,0.000000,0,0,0,0,0,18.519566,-168.798860,-169.248990,0
Acc Data: 0 0 0
$5186,614,613,0,786443,20,0.000000,0,0,0,0,0,18.519566,-168.798860,-169.248990,0
Acc Data: 0 0 0
$5186,615,614,0,786443,20,0.000000,0,0,0,0,0,18.519566,-168.798860,-169.248990,0
Acc Data: 0 0 0
$5186,616,615,0,786443,20,0.000000,0,0,0,0,0,18.519566,-168.798860,-169.248990,0
Acc Data: 0 0 0
$5186,617,616,0,786443,20,0.000000,0,0,0,0,0,18.519566,-168.798860,-169.248990,0
Acc Data: 0 0 0
$5186,618,617,0,786443,20,0.000000,0,0,0,0,0,18.519566,-168.798860,-169.248990,0
Acc Data: 0 0 0
$5186,619,618,0,786443,20,0.000000,0,0,0,0,0,18.519566,-168.798860,-169.248990,0
Acc Data: 0 0 0
$5186,620,619,0,786443,20,0.000000,0,0,0,0,0,18.519566,-168.798860,-169.248990,0
Acc Data: 0 0 0
$5186,621,620,0,786443,20,0.000000,0,0,0,0,0,18.519566,-168.798860,-169.248990,0
Acc Data: 0 0 0
$5186,622,621,0,786443,20,0.000000,0,0,0,0,0,18.519566,-168.798860,-169.248990,0
Acc Data: 0 0 0
$5186,623,622,0,786443,20,0.000000,0,0,0,0,0,18.519566,-168.798860,-169.248990,0
Acc Data: 0 0 0
$5186,624,623,0,786443,20,0.000000,0,0,0,0,0,18.519566,-168.798860,-169.248990,0
Acc Data: 0 0 0
$5186,625,624,0,786443,20,0.000000,0,0,0,0,0,18.519566,-168.798860,-169.248990,0
Acc Data: 0 0 0
$5186,626,625,0,786443,20,0.000000,0,0,0,0,0,18.519566,-168.798860,-169.248990,0
Acc Data: 0 0 0
$5186,627,626,0,786443,20,0.000000,0,0,0,0,0,18.519566,-168.798860,-169.248990,0
Acc Data: 0 0 0
$5186,628,627,0,786443,20,0.000000,0,0,0,0,0,18.519566,-168.798860,-169.248990,0
Acc Data: 0 0 0
$5186,629,628,0,786443,20,0.000000,0,0,0,0,0,18.519566,-168.798860,-169.248990,0
Acc Data: 0 0 0
$5186,630,629,0,786443,20,0.000000,0,0,0,0,0,18.519566,-168.798860,-169.248990,0
Acc Data: 0 0 0
$5186,631,630,0,786443,20,0.000000,0,0,0,0,0,18.519566,-168.798860,-169.248990,0
Acc Data: 0 0 0
$5186,632,631,0,786443,20,0.000000,0,0,0,0,0,18.519566,-168.798860,-169.248990,0
Acc Data: 0 0 0
$5186,633,632,0,786443,20,0.000000,0,0,0,0,0,18.519566,-168.798860,-169.248990,0
Acc Data: 0 0 0
$5186,634,633,0,786443,20,0.000000,0,0,0,0,0,18.519566,-168.798860,-169.248990,0
Acc Data: 0 0 0
$5186,635,634,0,786443,20,0.000000,0,0,0,0,0,18.519566,-168.798860,-169.248990,0
Acc Data: 0 0 0
$5186,636,635,0,786443,20,0.000000,0,0,0,0,0,18.519566,-168.798860,-169.248990,0
Acc Data: 0 0 0
$5186,637,636,0,786443,20,0.000000,0,0,0,0,0,18.519566,-168.798860,-169.248990,0
Acc Data: 0 0 0
$5186,638,637,0,786443,20,0.000000,0,0,0,0,0,18.519566,-168.798860,-169.248990,0
Acc Data: 0 0 0
$5186,639,638,0,786443,20,0.000000,0,0,0,0,0,18.519566,-168.798860,-169.248990,0
Acc Data: 0 0 0
$5186,640,639,0,786443,20,0.000000,0,0,0,0,0,18.519566,-168.798860,-169.248990,0
Acc Data: 0 0 0
$5186,641,640,0,786443,20,0.000000,0,0,0,0,0,18.519566,-168.798860,-169.248990,0
Acc Data: 0 0 0
$5186,642,641,0,786443,20,0.000000,0,0,0,0,0,18.519566,-168.798860,-169.248990,0
Acc Data: 0 0 0
$5186,643,642,0,786443,20,0.000000,0,0,0,0,0,18.519566,-168.798860,-169.248990,0
Acc Data: 0 0 0
$5186,644,643,0,786443,20,0.000000,0,0,0,0,0,18.519566,-168.798860,-169.248990,0
Acc Data: 0 0 0
$5186,645,644,0,786443,20,0.000000,0,0,0,0,0,18.519566,-168.798860,-169.248990,0
Acc Data: 0 0 0
$5186,646,645,0,786443,20,0.000000,0,0,0,0,0,18.519566,-168.798860,-169.248990,0
Acc Data: 0 0 0
$5186,647,646,0,786443,20,0.000000,0,0,0,0,0,18.519566,-168.798860,-169.248990,0
Acc Data: 0 0 0
$5186,648,647,0,786443,20,0.000000,0,0,0,0,0,18.519566,-168.798860,-169.248990,0
Acc Data: 0 0 0
$5186,649,648,0,786443,20,0.000000,0,0,0,0,0,18.519566,-168.798860,-169.248990,0
Acc Data: 0 0 0
$5186,650,649,0,786443,20,0.000000,0,0,0,0,0,18.519566,-168.798860,-169.248990,0
Acc Data: 0 0 0
$5186,651,650,0,786443,20,0.000000,0,0,0,0,0,18.519566,-168.798860,-169.248990,0
Acc Data: 0 0 0
$5186,652,651,0,786443,20,0.000000,0,0,0,0,0,18.519566,-168.798860,-169.248990,0
Acc Data: 0 0 0
$5186,653,652,0,786443,20,0.000000,0,0,0,0,0,18.519566,-168.798860,-169.248990,0
Acc Data: 0 0 0
$5186,654,653,0,786443,20,0.000000,0,0,0,0,0,18.519566,-168.798860,-169.248990,0
Acc Data: 0 0 0
$5186,657,656,0,786443,20,0.000000,0,0,0,0,0,18.519566,-168.798860,-169.248990,0
Acc Data: 0 0 0
$5186,658,657,0,786443,20,0.000000,0,0,0,0,0,18.519566,-168.798860,-169.248990,0
Acc Data: 0 0 0
$5186,659,658,0,786443,20,0.000000,0,0,0,0,0,18.519566,-168.798860,-169.248990,0
Acc Data: 0 0 0
$5186,660,659,0,786443,20,0.000000,0,0,0,0,0,18.519566,-168.798860,-169.248990,0
Acc Data: 0 0 0
$5186,661,660,0,786443,20,0.000000,0,0,0,0,0,18.519566,-168.798860,-169.248990,0
Acc Data: 0 0 0
$5186,662,661,0,786443,20,0.000000,0,0,0,0,0,18.519566,-168.798860,-169.248990,0
Acc Data: 0 0 0
$5186,663,662,0,786443,20,0.000000,0,0,0,0,0,18.519566,-168.798860,-169.248990,0
Acc Data: 0 0 0
$5186,664,663,0,786443,20,0.000000,0,0,0,0,0,18.519566,-168.798860,-169.248990,0
Acc Data: 0 0 0
$5186,665,664,0,786443,20,0.000000,0,0,0,0,0,18.519566,-168.798860,-169.248990,0
Acc Data: 0 0 0
$5186,666,665,0,786443,20,0.000000,0,0,0,0,0,18.519566,-168.798860,-169.248990,0
Acc Data: 0 0 0
$5186,667,666,0,786443,20,0.000000,0,0,0,0,0,18.519566,-168.798860,-169.248990,0
Acc Data: 0 0 0
$5186,668,667,0,786443,20,0.000000,0,0,0,0,0,18.519566,-168.798860,-169.248990,0
Acc Data: 0 0 0
$5186,669,668,0,786443,20,0.000000,0,0,0,0,0,18.519566,-168.798860,-169.248990,0
Acc Data: 0 0 0
$5186,670,669,0,786443,20,0.000000,0,0,0,0,0,18.519566,-168.798860,-169.248990,0
Acc Data: 0 0 0
$5186,671,670,0,786443,20,0.000000,0,0,0,0,0,18.519566,-168.798860,-169.248990,0
Acc Data: 0 0 0
$5186,672,671,0,786443,20,0.000000,0,0,0,0,0,18.519566,-168.798860,-169.248990,0
Acc Data: 0 0 0
$5186,673,672,0,786443,20,0.000000,0,0,0,0,0,18.519566,-168.798860,-169.248990,0
Acc Data: 0 0 0
$5186,674,673,0,786443,20,0.000000,0,0,0,0,0,18.519566,-168.798860,-169.248990,0
Acc Data: 0 0 0
$5186,675,674,0,786443,20,0.000000,0,0,0,0,0,18.519566,-168.798860,-169.248990,0
Acc Data: 0 0 0
$5186,678,677,0,786443,20,0.000000,0,0,0,0,0,18.519566,-168.798860,-169.248990,0
Acc Data: 0 0 0
$5186,679,678,0,786443,20,0.000000,0,0,0,0,0,18.519566,-168.798860,-169.248990,0
Acc Data: 0 0 0
$5186,680,679,0,786443,20,0.000000,0,0,0,0,0,18.519566,-168.798860,-169.248990,0
Acc Data: 0 0 0
$5186,681,680,0,786443,20,0.000000,0,0,0,0,0,18.519566,-168.798860,-169.248990,0
Acc Data: 0 0 0
$5186,682,681,0,786443,20,0.000000,0,0,0,0,0,18.519566,-168.798860,-169.248990,0
Acc Data: 0 0 0
$5186,683,682,0,786443,20,0.000000,0,0,0,0,0,18.519566,-168.798860,-169.248990,0
Acc Data: 0 0 0
$5186,684,683,0,786443,20,0.000000,0,0,0,0,0,18.519566,-168.798860,-169.248990,0
Acc Data: 0 0 0
$5186,685,684,0,786443,20,0.000000,0,0,0,0,0,18.519566,-168.798860,-169.248990,0
Acc Data: 0 0 0
$5186,686,685,0,786443,20,0.000000,0,0,0,0,0,18.519566,-168.798860,-169.248990,0
Acc Data: 0 0 0
$5186,687,686,0,786443,20,0.000000,0,0,0,0,0,18.519566,-168.798860,-169.248990,0
Acc Data: 0 0 0
$5186,688,687,0,786443,20,0.000000,0,0,0,0,0,18.519566,-168.798860,-169.248990,0
Acc Data: 0 0 0
$5186,689,688,0,786443,20,0.000000,0,0,0,0,0,18.519566,-168.798860,-169.248990,0
Acc Data: 0 0 0
$5186,690,689,0,786443,20,0.000000,0,0,0,0,0,18.519566,-168.798860,-169.248990,0
Acc Data: 0 0 0
$5186,691,690,0,786443,20,0.000000,0,0,0,0,0,18.519566,-168.798860,-169.248990,0
Acc Data: 0 0 0
$5186,692,691,0,786443,20,0.000000,0,0,0,0,0,18.519566,-168.798860,-169.248990,0
Acc Data: 0 0 0
$5186,693,692,0,786443,20,0.000000,0,0,0,0,0,18.519566,-168.798860,-169.248990,0
Acc Data: 0 0 0
$5186,694,693,0,786443,20,0.000000,0,0,0,0,0,18.519566,-168.798860,-169.248990,0
Acc Data: 0 0 0
$5186,695,694,0,786443,20,0.000000,0,0,0,0,0,18.519566,-168.798860,-169.248990,0
Acc Data: 0 0 0
$5186,696,695,0,786443,20,0.000000,0,0,0,0,0,18.519566,-168.798860,-169.248990,0
Acc Data: 0 0 0
$5186,697,696,0,786443,20,0.000000,0,0,0,0,0,18.519566,-168.798860,-169.248990,0
Acc Data: 0 0 0
$5186,698,697,0,786443,20,0.000000,0,0,0,0,0,18.519566,-168.798860,-169.248990,0
Acc Data: 0 0 0
$5186,699,698,0,786443,20,0.000000,0,0,0,0,0,18.519566,-168.798860,-169.248990,0
Acc Data: 0 0 0
$5186,700,699,0,786443,20,0.000000,0,0,0,0,0,18.519566,-168.798860,-169.248990,0
Acc Data: 0 0 0
$5186,701,700,0,786443,20,0.000000,0,0,0,0,0,18.519566,-168.798860,-169.248990,0
Acc Data: 0 0 0
$5186,702,701,0,786443,20,0.000000,0,0,0,0,0,18.519566,-168.798860,-169.248990,0
Acc Data: 0 0 0
$5186,703,702,0,786443,20,0.000000,0,0,0,0,0,18.519566,-168.798860,-169.248990,0
Acc Data: 0 0 0
$5186,704,703,0,786443,20,0.000000,0,0,0,0,0,18.519566,-168.798860,-169.248990,0
Acc Data: 0 0 0
$5186,705,704,0,786443,20,0.000000,0,0,0,0,0,18.519566,-168.798860,-169.248990,0
Acc Data: 0 0 0
$5186,706,705,0,786443,20,0.000000,0,0,0,0,0,18.519566,-168.798860,-169.248990,0
Acc Data: 0 0 0
$5186,707,706,0,786443,20,0.000000,0,0,0,0,0,18.519566,-168.798860,-169.248990,0
Acc Data: 0 0 0
$5186,708,707,0,786443,20,0.000000,0,0,0,0,0,18.519566,-168.798860,-169.248990,0
Acc Data: 0 0 0
$5186,709,708,0,786443,20,0.000000,0,0,0,0,0,18.519566,-168.798860,-169.248990,0
Acc Data: 0 0 0
$5186,710,709,0,786443,20,0.000000,0,0,0,0,0,18.519566,-168.798860,-169.248990,0
Acc Data: 0 0 0
$5186,711,710,0,786443,20,0.000000,0,0,0,0,0,18.519566,-168.798860,-169.248990,0
Acc Data: 0 0 0
$5186,712,711,0,786443,20,0.000000,0,0,0,0,0,18.519566,-168.798860,-169.248990,0
Acc Data: 0 0 0
$5186,713,712,0,786443,20,0.000000,0,0,0,0,0,18.519566,-168.798860,-169.248990,0
Acc Data: 0 0 0
$5186,714,713,0,786443,20,0.000000,0,0,0,0,0,18.519566,-168.798860,-169.248990,0
Acc Data: 0 0 0
$5186,715,714,0,786443,20,0.000000,0,0,0,0,0,18.519566,-168.798860,-169.248990,0
Acc Data: 0 0 0
$5186,716,715,0,786443,20,0.000000,0,0,0,0,0,18.519566,-168.798860,-169.248990,0
Acc Data: 0 0 0
$5186,717,716,0,786443,20,0.000000,0,0,0,0,0,18.519566,-168.798860,-169.248990,0
Acc Data: 0 0 0
$5186,718,717,0,786443,20,0.000000,0,0,0,0,0,18.519566,-168.798860,-169.248990,0
Acc Data: 0 0 0
$5186,719,718,0,786443,20,0.000000,0,0,0,0,0,18.519566,-168.798860,-169.248990,0
Acc Data: 0 0 0
$5186,720,719,0,786443,20,0.000000,0,0,0,0,0,18.519566,-168.798860,-169.248990,0
Acc Data: 0 0 0
$5186,721,720,0,786443,20,0.000000,0,0,0,0,0,18.519566,-168.798860,-169.248990,0
Acc Data: 0 0 0
$5186,722,721,0,786443,20,0.000000,0,0,0,0,0,18.519566,-168.798860,-169.248990,0
Acc Data: 0 0 0
$5186,723,722,0,786443,20,0.000000,0,0,0,0,0,18.519566,-168.798860,-169.248990,0
Acc Data: 0 0 0
$5186,724,723,0,786443,20,0.000000,0,0,0,0,0,18.519566,-168.798860,-169.248990,0
Acc Data: $5186,726,725,0,786443,20,0.000000,0,0,0,0,0,18.519566,-168.798860,-169.248990,0
Acc Data: 0 0 0
$5186,727,726,0,786443,20,0.000000,0,0,0,0,0,18.519566,-168.798860,-169.248990,0
Acc Data: 0 0 0
$5186,728,727,0,786443,20,0.000000,0,0,0,0,0,18.519566,-168.798860,-169.248990,0
Acc Data: 0 0 0
$5186,729,728,0,786443,20,0.000000,0,0,0,0,0,18.519566,-168.798860,-169.248990,0
Acc Data: 0 0 0
$5186,730,729,0,786443,20,0.000000,0,0,0,0,0,18.519566,-168.798860,-169.248990,0
Acc Data: 0 0 0
$5186,731,730,0,786443,20,0.000000,0,0,0,0,0,18.519566,-168.798860,-169.248990,0
Acc Data: 0 0 0
$5186,732,731,0,786443,20,0.000000,0,0,0,0,0,18.519566,-168.798860,-169.248990,0
Acc Data: 0 0 0
$5186,733,732,0,786443,20,0.000000,0,0,0,0,0,18.519566,-168.798860,-169.248990,0
Acc Data: 0 0 0
$5186,734,733,0,786443,20,0.000000,0,0,0,0,0,18.519566,-168.798860,-169.248990,0
Acc Data: 0 0 0
$5186,735,734,0,786443,20,0.000000,0,0,0,0,0,18.519566,-168.798860,-169.248990,0
Acc Data: 0 0 0
$5186,736,735,0,786443,20,0.000000,0,0,0,0,0,18.519566,-168.798860,-169.248990,0
Acc Data: 0 0 0
$5186,737,736,0,786443,20,0.000000,0,0,0,0,0,18.519566,-168.798860,-169.248990,0
Acc Data: 0 0 0
$5186,738,737,0,786443,20,0.000000,0,0,0,0,0,18.519566,-168.798860,-169.248990,0
Acc Data: 0 0 0
$5186,739,738,0,786443,20,0.000000,0,0,0,0,0,18.519566,-168.798860,-169.248990,0
Acc Data: 0 0 0
$5186,740,739,0,786443,20,0.000000,0,0,0,0,0,18.519566,-168.798860,-169.248990,0
Acc Data: 0 0 0
$5186,741,740,0,786443,20,0.000000,0,0,0,0,0,18.519566,-168.798860,-169.248990,0
Acc Data: 0 0 0
$5186,742,741,0,786443,20,0.000000,0,0,0,0,0,18.519566,-168.798860,-169.248990,0
Acc Data: 0 0 0
$5186,743,742,0,786443,20,0.000000,0,0,0,0,0,18.519566,-168.798860,-169.248990,0
Acc Data: 0 0 0
$5186,744,743,0,786443,20,0.000000,0,0,0,0,0,18.519566,-168.798860,-169.248990,0
Acc Data: 0 0 0
$5186,745,744,0,786443,20,0.000000,0,0,0,0,0,18.519566,-168.798860,-169.248990,0
Acc Data: 0 0 0
$5186,746,745,0,786443,20,0.000000,0,0,0,0,0,18.519566,-168.798860,-169.248990,0
Acc Data: 0 0 0
$5186,747,746,0,786443,20,0.000000,0,0,0,0,0,18.519566,-168.798860,-169.248990,0
Acc Data: 0 0 0
$5186,748,747,0,786443,20,0.000000,0,0,0,0,0,18.519566,-168.798860,-169.248990,0
Acc Data: 0 0 0
$5186,749,748,0,786443,20,0.000000,0,0,0,0,0,18.519566,-168.798860,-169.248990,0
Acc Data: 0 0 0
$5186,750,749,0,786443,20,0.000000,0,0,0,0,0,18.519566,-168.798860,-169.248990,0
Acc Data: 0 0 0
$5186,751,750,0,786443,20,0.000000,0,0,0,0,0,18.519566,-168.798860,-169.248990,0
Acc Data: 0 0 0
$5186,752,751,0,786443,20,0.000000,0,0,0,0,0,18.519566,-168.798860,-169.248990,0
Acc Data: 0 0 0
$5186,753,752,0,786443,20,0.000000,0,0,0,0,0,18.519566,-168.798860,-169.248990,0
Acc Data: 0 0 0
$5186,754,753,0,786443,20,0.000000,0,0,0,0,0,18.519566,-168.798860,-169.248990,0
Acc Data: 0 0 0
$5186,755,754,0,786443,20,0.000000,0,0,0,0,0,18.519566,-168.798860,-169.248990,0
Acc Data: 0 0 0
$5186,756,755,0,786443,20,0.000000,0,0,0,0,0,18.519566,-168.798860,-169.248990,0
Acc Data: 0 0 0
$5186,757,756,0,786443,20,0.000000,0,0,0,0,0,18.519566,-168.798860,-169.248990,0
Acc Data: 0 0 0
$5186,758,757,0,786443,20,0.000000,0,0,0,0,0,18.519566,-168.798860,-169.248990,0
Acc Data: 0 0 0
$5186,759,758,0,786443,20,0.000000,0,0,0,0,0,18.519566,-168.798860,-169.248990,0
Acc Data: 0 0 0
$5186,760,759,0,786443,20,0.000000,0,0,0,0,0,18.519566,-168.798860,-169.248990,0
Acc Data: 0 0 0
$5186,761,760,0,786443,20,0.000000,0,0,0,0,0,18.519566,-168.798860,-169.248990,0
Acc Data: 0 0 0
$5186,762,761,0,786443,20,0.000000,0,0,0,0,0,18.519566,-168.798860,-169.248990,0
Acc Data: 0 0 0
$5186,763,762,0,786443,20,0.000000,0,0,0,0,0,18.519566,-168.798860,-169.248990,0
Acc Data: 0 0 0
$5186,764,763,0,786443,20,0.000000,0,0,0,0,0,18.519566,-168.798860,-169.248990,0
Acc Data: 0 0 0
$5186,765,764,0,786443,20,0.000000,0,0,0,0,0,18.519566,-168.798860,-169.248990,0
Acc Data: 0 0 0
$5186,766,765,0,786443,20,0.000000,0,0,0,0,0,18.519566,-168.798860,-169.248990,0
Acc Data: 0 0 0
$5186,767,766,0,786443,20,0.000000,0,0,0,0,0,18.519566,-168.798860,-169.248990,0
Acc Data: 0 0 0
$5186,768,767,0,786443,20,0.000000,0,0,0,0,0,18.519566,-168.798860,-169.248990,0
Acc Data: 0 0 0
017 64
$5186,27,26,0,786443,20,0.000000,0,0,0,0,0,29.870111,43.302795,19.486214,0
Acc Data: 260 1014 66
$5186,28,27,0,786443,20,0.000000,0,0,0,0,0,30.425085,44.555210,20.731037,0
Acc Data: 263 1018 66
$5186,29,28,0,786443,20,0.000000,0,0,0,0,0,30.938225,45.781345,22.002541,0
Acc Data: 262 1012 67
$5186,30,29,0,786443,20,0.000000,0,0,0,0,0,31.418636,47.004955,23.280544,0
Acc Data: 263 1018 65
$5186,31,30,0,786443,20,0.000000,0,0,0,0,0,31.871410,48.215366,24.589638,0
Acc Data: 261 1017 59
$5186,32,31,0,786443,20,0.000000,0,0,0,0,0,32.289436,49.410809,25.924541,0
Acc Data: 259 1019 62
$5186,33,32,0,786443,20,0.000000,0,0,0,0,0,32.683582,50.594887,27.272654,0
Acc Data: 266 1022 63
$5186,34,33,0,786443,20,0.000000,0,0,0,0,0,33.019108,51.743305,28.621696,0
Acc Data: 258 1017 63
$5186,35,34,0,786443,20,0.000000,0,0,0,0,0,33.341690,52.883282,29.997467,0
Acc Data: 265 1018 78
$5186,36,35,0,786443,20,0.000000,0,0,0,0,0,33.614719,53.953114,31.374531,0
Acc Data: 261 1038 73
$5186,37,36,0,786443,20,0.000000,0,0,0,0,0,33.884075,55.039661,32.781517,0
Acc Data: 264 1007 76
$5186,38,37,0,786443,20,0.000000,0,0,0,0,0,34.093906,56.118477,34.221272,0
Acc Data: 257 1004 70
$5186,39,38,0,786443,20,0.000000,0,0,0,0,0,34.301670,57.172333,35.659698,0
Acc Data: 259 1011 61
$5186,40,39,0,786443,20,0.000000,0,0,0,0,0,34.485313,58.234459,37.120995,0
Acc Data: 264 1012 64
$5186,41,40,0,786443,20,0.000000,0,0,0,0,0,34.623001,59.273804,38.600601,0
Acc Data: 263 1017 66
$5186,42,41,0,786443,20,0.000000,0,0,0,0,0,34.739464,60.305523,40.074688,0
Acc Data: 262 1012 66
$5186,43,42,0,786443,20,0.000000,0,0,0,0,0,34.824886,61.315628,41.569218,0
Acc Data: 261 1015 70
$5186,44,43,0,786443,20,0.000000,0,0,0,0,0,34.879532,62.296745,43.065044,0
Acc Data: 269 1018 69
$5186,45,44,0,786443,20,0.000000,0,0,0,0,0,34.894436,63.258778,44.568298,0
Acc Data: 262 1010 66
$5186,46,45,0,786443,20,0.000000,0,0,0,0,0,34.898952,64.222748,46.075375,0
Acc Data: 263 1021 65
$5186,47,46,0,786443,20,0.000000,0,0,0,0,0,34.875252,65.178253,47.609028,0
Acc Data: 258 1015 69
$5186,48,47,0,786443,20,0.000000,0,0,0,0,0,34.830528,66.106247,49.171089,0
Acc Data: 262 1018 69
$5186,49,48,0,786443,20,0.000000,0,0,0,0,0,34.753391,67.025642,50.727520,0
Acc Data: 263 1011 67
$5186,50,49,0,786443,20,0.000000,0,0,0,0,0,34.656994,67.938980,52.293823,0
Acc Data: 263 1010 68
$5186,51,50,0,786443,20,0.000000,0,0,0,0,0,34.524731,68.822662,53.871147,0
Acc Data: 243 948 -32
$5186,52,51,0,786443,20,0.000000,0,0,0,0,0,34.442539,69.978348,55.598812,0
Acc Data: 237 1119 21
$5186,53,52,0,786443,20,0.000000,0,0,0,0,0,34.314610,70.940735,57.231911,0
Acc Data: 268 992 -19
$5186,54,53,0,786443,20,0.000000,0,0,0,0,0,34.083858,71.936470,58.903461,0
Acc Data: 261 1023 -15
$5186,55,54,0,786443,20,0.000000,0,0,0,0,0,33.869144,72.899712,60.570747,0
Acc Data: 251 1040 -25
$5186,56,55,0,786443,20,0.000000,0,0,0,0,0,33.621601,73.880707,62.256474,0
Acc Data: 264 1017 -33
$5186,57,56,0,786443,20,0.000000,0,0,0,0,0,33.316277,74.839485,63.948505,0
Acc Data: 261 1016 -26
$5186,58,57,0,786443,20,0.000000,0,0,0,0,0,33.012562,75.763130,65.630875,0
Acc Data: 253 1036 -20
$5186,59,58,0,786443,20,0.000000,0,0,0,0,0,32.680027,76.649834,67.293045,0
Acc Data: 259 1013 -33
$5186,60,59,0,786443,20,0.000000,0,0,0,0,0,32.294632,77.548439,68.973503,0
Acc Data: 262 1010 -29
0000,0,0,0,0,0,-0.444414,95.680351,125.115250,0
Acc Data: 327 992 -83
$5186,108,107,0,786443,20,0.000000,0,0,0,0,0,-1.015551,95$5186,109,108,0,786443,20,0.000000,0,0,0,0,0,-1.571454,95.730103,126.262630,0
Acc Data: 329 991 -97
$5186,110,109,0,786443,20,0.000000,0,0,0,0,0,-2.115811,95.771294,126.805730,0
Acc Data: 337 1004 -70
$5186,111,110,0,786443,20,0.000000,0,0,0,0,0,-2.631279,$5186,113,112,0,786443,20,0.000000,0,0,0,0,0,-3.650457,95.852074,128.328510,0
Acc Data: 334 989 -106
$5186,114,113,0,786443,20,0.000000,0,0,0,0,0,-4.143321,95.895470,128.791730,0
Acc Data: 338 989 -103
$5186,115,114,0,786443,20,0.000000,0,0,0,0,0,-4.627556$5186,116,115,0,786443,20,0.000000,0,0,0,0,0,-5.098196,95.971283,129.705580,0
Acc Data: 319 989 -95
$5186,117,116,0,786443,20,0.000000,0,0,0,0,0,-5.513286,95.989517,130.130460,0
Acc Data: 338 986 -113
$5186,118,117,0,786443,20,0.000000,0,0,0,0,0,-5.954587,Acc Data: 337 985 -108
$5186,120,119,0,786443,20,0.000000,0,0,0,0,0,-6.818835,96.014542,131.309130,0
Acc Data: 344 988 -107
$5186,121,120,0,786443,20,0.000000,0,0,0,0,0,-7.230411,96.047836,131.685820,0
Acc Data: 336 983 -107
$5186,122,121,0,786443,20,0.000$5186,123,122,0,786443,20,0.000000,0,0,0,0,0,-8.004496,96.123398,132.372300,0
Acc Data: 333 981 -100
$5186,124,123,0,786443,20,0.000000,0,0,0,0,0,-8.363116,96.141426,132.714830,0
Acc Data: 331 983 -105
$5186,125,124,0,786443,20,0.000000,0,0,0,0,0,-8.700317$5186,126,125,0,786443,20,0.000000,0,0,0,0,0,-9.063812,96.182770,133.334900,0
Acc Data: 389 970 -85
$5186,127,126,0,786443,20,0.000000,0,0,0,0,0,-9.488470,96.186348,133.644300,0
Acc Data: 370 972 -78
$5186,1,0,0,786443,20,0.000000,0,0,0,0,0,1.241008,1.901119,-0.061158,0
$5186,2,1,0,786443,20,0.000000,0,0,0,0,0,2.517478,3.769953,-0.060955,0
$5186,3,2,0,786443,20,0.000000,0,0,0,0,0,3.809175,5.619929,0.020357,0
$5186,4,3,0,786443,20,0.000000,0,0,0,0,0,5.118481,7.459234,0.169475,0
$5186,5,4,0,786443,20,0.000000,0,0,0,0,0,6.684896,9.332616,0.419842,0
$5186,6,5,0,786443,20,0.000000,0,0,0,0,0,8.255770,11.209692,0.714140,0
$5186,7,6,0,786443,20,0.000000,0,0,0,0,0,9.821153,13.091359,1.128230,0
$5186,8,7,0,786443,20,0.000000,0,0,0,0,0,11.332326,14.923415,1.601346,0
$5186,9,8,0,786443,20,0.000000,0,0,0,0,0,12.815294,16.758762,2.133900,0
$5186,10,9,0,786443,20,0.000000,0,0,0,0,0,14.273996,18.589754,2.727263,0
$5186,11,10,0,786443,20,0.000000,0,0,0,0,0,15.685534,20.390785,3.391819,0
$5186,12,11,0,786443,20,0.000000,0,0,0,0,0,17.038143,22.150076,4.121750,0
$5186,13,12,0,786443,20,0.000000,0,0,0,0,0,18.335171,23.883318,4.912459,0
$5186,14,13,0,786443,20,0.000000,0,0,0,0,0,19.609591,25.614864,5.755980,0
$5186,15,14,0,786443,20,0.000000,0,0,0,0,0,20.818768,27.323212,6.653241,0
$5186,16,15,0,786443,20,0.000000,0,0,0,0,0,21.976353,29.010759,7.604355,0
$5186,17,16,0,786443,20,0.000000,0,0,0,0,0,23.086649,30.680836,8.588647,0
$5186,18,17,0,786443,20,0.000000,0,0,0,0,0,24.136997,32.339165,9.623928,0
$5186,19,18,0,786443,20,0.000000,0,0,0,0,0,25.128511,33.948990,10.708075,0
$5186,20,19,0,786443,20,0.000000,0,0,0,0,0,26.083910,35.563465,11.823669,0
$5186,21,20,0,786443,20,0.000000,0,0,0,0,0,26.985176,37.166630,12.968185,0
$5186,22,21,0,786443,20,0.000000,0,0,0,0,0,27.834303,38.729530,14.154997,0
$5186,23,22,0,786443,20,0.000000,0,0,0,0,0,28.609316,40.278313,15.360758,0
$5186,24,23,0,786443,20,0.000000,0,0,0,0,0,29.398817,41.814434,16.620741,0
$5186,25,24,0,786443,20,0.000000,0,0,0,0,0,30.097708,43.333038,17.897448,0
$5186,26,25,0,786443,20,0.000000,0,0,0,0,0,30.778776,44.820534,19.214113,0
$5186,27,26,0,786443,20,0.000000,0,0,0,0,0,31.416706,46.302208,20.581720,0
$5186,28,27,0,786443,20,0.000000,0,0,0,0,0,32.007462,47.767548,21.967703,0
$5186,29,28,0,786443,20,0.000000,0,0,0,0,0,32.673683,49.125381,23.312277,0
$5186,30,29,0,786443,20,0.000000,0,0,0,0,0,33.229538,50.530327,24.717382,0
$5186,31,30,0,786443,20,0.000000,0,0,0,0,0,34.475739,51.187641,25.729187,0
$5186,32,31,0,786443,20,0.000000,0,0,0,0,0,35.098904,49.217495,24.530220,0
$5186,33,32,0,786443,20,0.000000,0,0,0,0,0,35.909325,47.888954,23.878107,0
$5186,34,33,0,786443,20,0.000000,0,0,0,0,0,36.663368,46.618561,23.218317,0
$5186,35,34,0,786443,20,0.000000,0,0,0,0,0,37.360428,45.403351,22.568506,0
$5186,36,35,0,786443,20,0.000000,0,0,0,0,0,37.984550,44.189651,21.894430,0
$5186,37,36,0,786443,20,0.000000,0,0,0,0,0,38.570827,43.024147,21.220339,0
$5186,38,37,0,786443,20,0.000000,0,0,0,0,0,39.147392,41.937588,20.586840,0
$5186,39,38,0,786443,20,0.000000,0,0,0,0,0,39.611084,40.833664,19.920824,0
$5186,40,39,0,786443,20,0.000000,0,0,0,0,0,39.969513,39.930210,19.225214,0
$5186,41,40,0,786443,20,0.000000,0,0,0,0,0,40.285202,39.148563,18.694193,0
$5186,42,41,0,786443,20,0.000000,0,0,0,0,0,40.586971,38.648422,18.348869,0
$5186,43,42,0,786443,20,0.000000,0,0,0,0,0,40.887959,38.156281,18.000074,0
$5186,44,43,0,786443,20,0.000000,0,0,0,0,0,41.162407,38.697968,17.309971,0
$5186,45,44,0,786443,20,0.000000,0,0,0,0,0,42.276268,40.484661,18.493761,0
$5186,46,45,0,786443,20,0.000000,0,0,0,0,0,43.213577,42.226791,19.731030,0
$5186,47,46,0,786443,20,0.000000,0,0,0,0,0,41.782139,44.657352,22.651825,0
$5186,48,47,0,786443,20,0.000000,0,0,0,0,0,43.005020,43.941250,21.942953,0
$5186,49,48,0,786443,20,0.000000,0,0,0,0,0,44.830563,42.806850,21.113615,0
$5186,50,49,0,786443,20,0.000000,0,0,0,0,0,46.437580,41.597084,20.214432,0
$5186,51,50,0,786443,20,0.000000,0,0,0,0,0,47.969841,40.240120,19.162931,0
$5186,52,51,0,786443,20,0.000000,0,0,0,0,0,49.492332,38.818634,18.026367,0
$5186,53,52,0,786443,20,0.000000,0,0,0,0,0,51.224236,36.020477,15.134316,0
$5186,54,53,0,786443,20,0.000000,0,0,0,0,0,51.007103,35.076443,14.359881,0
$5186,55,54,0,786443,20,0.000000,0,0,0,0,0,50.803246,33.915878,13.440001,0
$5186,56,55,0,786443,20,0.000000,0,0,0,0,0,50.632275,32.784752,12.557752,0
$5186,57,56,0,786443,20,0.000000,0,0,0,0,0,50.439266,31.703178,11.716441,0
$5186,58,57,0,786443,20,0.000000,0,0,0,0,0,50.267975,30.677099,10.905543,0
$5186,59,58,0,786443,20,0.000000,0,0,0,0,0,50.068348,29.651855,10.104805,0
$5186,60,59,0,786443,20,0.000000,0,0,0,0,0,49.888073,28.613951,9.289150,0
$5186,61,60,0,786443,20,0.000000,0,0,0,0,0,49.358540,30.346344,10.502192,0
$5186,62,61,0,786443,20,0.000000,0,0,0,0,0,49.061710,32.297997,11.729606,0
$5186,63,62,0,786443,20,0.000000,0,0,0,0,0,48.308960,32.093109,11.529845,0
$5186,64,63,0,786443,20,0.000000,0,0,0,0,0,47.517120,32.129078,11.633055,0
$5186,65,64,0,786443,20,0.000000,0,0,0,0,0,46.774174,32.227196,11.789793,0
$5186,66,65,0,786443,20,0.000000,0,0,0,0,0,46.081345,32.269524,11.911274,0
$5186,67,66,0,786443,20,0.000000,0,0,0,0,0,45.409122,32.353550,12.073672,0
$5186,68,67,0,786443,20,0.000000,0,0,0,0,0,44.792103,32.452415,12.259422,0
$5186,69,68,0,786443,20,0.000000,0,0,0,0,0,44.170010,32.550613,12.434681,0
$5186,70,69,0,786443,20,0.000000,0,0,0,0,0,43.398098,32.634781,12.502834,0
$5186,71,70,0,786443,20,0.000000,0,0,0,0,0,42.894024,33.543518,13.305204,0
$5186,72,71,0,786443,20,0.000000,0,0,0,0,0,42.433884,34.449883,14.111793,0
$5186,73,72,0,786443,20,0.000000,0,0,0,0,0,41.974499,35.301655,14.891624,0
$5186,74,73,0,786443,20,0.000000,0,0,0,0,0,41.530487,36.124317,15.656897,0
$5186,75,74,0,786443,20,0.000000,0,0,0,0,0,41.128296,36.925190,16.426983,0
$5186,76,75,0,786443,20,0.000000,0,0,0,0,0,40.750580,37.699413,17.192417,0
$5186,77,76,0,786443,20,0.000000,0,0,0,0,0,40.366421,38.431557,17.944065,0
$5186,78,77,0,786443,20,0.000000,0,0,0,0,0,39.998856,39.152493,18.698059,0
$5186,79,78,0,786443,20,0.000000,0,0,0,0,0,39.657970,39.860462,19.459503,0
$5186,80,79,0,786443,20,0.000000,0,0,0,0,0,39.327232,40.549091,20.216141,0
$5186,81,80,0,786443,20,0.000000,0,0,0,0,0,38.986832,41.206573,20.960350,0
$5186,82,81,0,786443,20,0.000000,0,0,0,0,0,38.679523,41.880238,21.727900,0
$5186,83,82,0,786443,20,0.000000,0,0,0,0,0,38.377098,42.532253,22.498331,0
$5186,84,83,0,786443,20,0.000000,0,0,0,0,0,38.091286,43.174435,23.275202,0
$5186,85,84,0,786443,20,0.000000,0,0,0,0,0,37.814228,43.770733,24.046625,0
$5186,86,85,0,786443,20,0.000000,0,0,0,0,0,37.554646,44.367119,24.838663,0
$5186,87,86,0,786443,20,0.000000,0,0,0,0,0,37.290241,44.964840,25.623543,0
$5186,88,87,0,786443,20,0.000000,0,0,0,0,0,37.044861,45.545605,26.427202,0
$5186,89,88,0,786443,20,0.000000,0,0,0,0,0,36.797367,46.128326,27.236052,0
$5186,90,89,0,786443,20,0.000000,0,0,0,0,0,36.565380,46.698452,28.061365,0
$5186,91,90,0,786443,20,0.000000,0,0,0,0,0,36.327793,47.249443,28.888569,0
$5186,92,91,0,786443,20,0.000000,0,0,0,0,0,36.081970,47.787968,29.714447,0
$5186,93,92,0,786443,20,0.000000,0,0,0,0,0,35.857937,48.332466,30.568867,0
$5186,94,93,0,786443,20,0.000000,0,0,0,0,0,35.627972,48.868481,31.422424,0
$5186,95,94,0,786443,20,0.000000,0,0,0,0,0,35.392616,49.385086,32.288624,0
$5186,96,95,0,786443,20,0.000000,0,0,0,0,0,35.166492,49.922871,33.164886,0
$5186,97,96,0,786443,20,0.000000,0,0,0,0,0,34.937420,50.440933,34.050407,0
$5186,98,97,0,786443,20,0.000000,0,0,0,0,0,34.718815,50.955006,34.958076,0
$5186,99,98,0,786443,20,0.000000,0,0,0,0,0,34.477333,51.453209,35.853111,0
$5186,100,99,0,786443,20,0.000000,0,0,0,0,0,34.254097,51.971752,36.785713,0
$5186,101,100,0,786443,20,0.000000,0,0,0,0,0,34.017666,52.446865,37.727665,0
$5186,102,101,0,786443,20,0.000000,0,0,0,0,0,33.785847,52.948647,38.683121,0
$5186,103,102,0,786443,20,0.000000,0,0,0,0,0,33.550137,53.436832,39.647034,0
$5186,104,103,0,786443,20,0.000000,0,0,0,0,0,33.302631,53.914711,40.603580,0
$5186,105,104,0,786443,20,0.000000,0,0,0,0,0,33.052143,54.375198,41.598694,0
$5186,106,105,0,786443,20,0.000000,0,0,0,0,0,32.805344,54.853741,42.603642,0
$5186,107,106,0,786443,20,0.000000,0,0,0,0,0,32.551693,55.335880,43.616943,0
$5186,108,107,0,786443,20,0.000000,0,0,0,0,0,32.297028,55.833035,44.659595,0
$5186,109,108,0,786443,20,0.000000,0,0,0,0,0,32.040031,56.307728,45.715240,0
$5186,110,109,0,786443,20,0.000000,0,0,0,0,0,31.774677,56.781353,46.773178,0
$5186,111,110,0,786443,20,0.000000,0,0,0,0,0,31.498409,57.244335,47.847401,0
$5186,112,111,0,786443,20,0.000000,0,0,0,0,0,31.210674,57.703506,48.944408,0
$5186,113,112,0,786443,20,0.000000,0,0,0,0,0,30.929232,58.168766,50.079144,0
$5186,114,113,0,786443,20,0.000000,0,0,0,0,0,30.628273,58.644310,51.193157,0
$5186,115,114,0,786443,20,0.000000,0,0,0,0,0,30.319521,59.109501,52.321842,0
$5186,116,115,0,786443,20,0.000000,0,0,0,0,0,30.012756,59.589733,53.488274,0
$5186,117,116,0,786443,20,0.000000,0,0,0,0,0,29.672699,60.016827,54.652557,0
$5186,118,117,0,786443,20,0.000000,0,0,0,0,0,29.329504,60.463112,55.832745,0
$5186,119,118,0,786443,20,0.000000,0,0,0,0,0,28.973333,60.908875,57.035751,0
$5186,120,119,0,786443,20,0.000000,0,0,0,0,0,28.618717,61.352940,58.249294,0
$5186,121,120,0,786443,20,0.000000,0,0,0,0,0,28.248489,61.803078,59.465313,0
$5186,122,121,0,786443,20,0.000000,0,0,0,0,0,27.863762,62.239082,60.692169,0
$5186,123,122,0,786443,20,0.000000,0,0,0,0,0,27.467194,62.688320,61.936581,0
$5186,124,123,0,786443,20,0.000000,0,0,0,0,0,27.059566,63.123299,63.202946,0
$5186,125,124,0,786443,20,0.000000,0,0,0,0,0,26.633850,63.548500,64.475273,0
$5186,126,125,0,786443,20,0.000000,0,0,0,0,0,26.193092,63.968632,65.767342,0
$5186,127,126,0,786443,20,0.000000,0,0,0,0,0,25.751734,64.412491,67.068367,0
$5186,128,127,0,786443,20,0.000000,0,0,0,0,0,25.287298,64.835854,68.366882,0
$5186,129,128,0,786443,20,0.000000,0,0,0,0,0,24.796228,65.233055,69.684372,0
$5186,130,129,0,786443,20,0.000000,0,0,0,0,0,24.295944,65.641098,71.021019,0
$5186,131,130,0,786443,20,0.000000,0,0,0,0,0,23.780483,66.038956,72.367218,0
$5186,132,131,0,786443,20,0.000000,0,0,0,0,0,23.259626,66.433098,73.707977,0
$5186,133,132,0,786443,20,0.000000,0,0,0,0,0,22.714945,66.823685,75.077843,0
$5186,134,133,0,786443,20,0.000000,0,0,0,0,0,22.155373,67.205582,76.435165,0
$5186,135,134,0,786443,20,0.000000,0,0,0,0,0,21.576649,67.568810,77.808220,0
$5186,136,135,0,786443,20,0.000000,0,0,0,0,0,20.971920,67.910538,79.191154,0
$5186,137,136,0,786443,20,0.000000,0,0,0,0,0,20.345419,68.249504,80.578094,0
$5186,138,137,0,786443,20,0.000000,0,0,0,0,0,19.702885,68.570137,81.964607,0
$5186,139,138,0,786443,20,0.000000,0,0,0,0,0,19.052515,68.904114,83.360573,0
$5186,140,139,0,786443,20,0.000000,0,0,0,0,0,18.389618,69.223289,84.761856,0
$5186,141,140,0,786443,20,0.000000,0,0,0,0,0,17.712667,69.534882,86.155403,0
$5186,142,141,0,786443,20,0.000000,0,0,0,0,0,17.011908,69.824585,87.572220,0
$5186,143,142,0,786443,20,0.000000,0,0,0,0,0,16.298723,70.101006,88.969070,0
$5186,144,143,0,786443,20,0.000000,0,0,0,0,0,15.570335,70.363297,90.366730,0
$5186,145,144,0,786443,20,0.000000,0,0,0,0,0,14.815599,70.601501,91.778191,0
$5186,146,145,0,786443,20,0.000000,0,0,0,0,0,14.069318,70.849327,93.172035,0
$5186,147,146,0,786443,20,0.000000,0,0,0,0,0,13.290729,71.053513,94.559616,0
$5186,148,147,0,786443,20,0.000000,0,0,0,0,0,12.494352,71.268440,95.954865,0
$5186,149,148,0,786443,20,0.000000,0,0,0,0,0,11.689869,71.435448,97.336136,0
$5186,150,149,0,786443,20,0.000000,0,0,0,0,0,10.873301,71.630859,98.720543,0
$5186,151,150,0,786443,20,0.000000,0,0,0,0,0,10.047832,71.798447,100.081470,0
$5186,152,151,0,786443,20,0.000000,0,0,0,0,0,9.228919,71.952934,101.431500,0
$5186,153,152,0,786443,20,0.000000,0,0,0,0,0,8.384429,72.067009,102.762680,0
$5186,154,153,0,786443,20,0.000000,0,0,0,0,0,7.529501,72.155609,104.069680,0
$5186,155,154,0,786443,20,0.000000,0,0,0,0,0,6.671014,72.244011,105.375950,0
$5186,156,155,0,786443,20,0.000000,0,0,0,0,0,5.816444,72.319389,106.674100,0
$5186,157,156,0,786443,20,0.000000,0,0,0,0,0,4.964937,72.377319,107.958460,0
$5186,158,157,0,786443,20,0.000000,0,0,0,0,0,4.086984,72.389542,109.225900,0
$5186,159,158,0,786443,20,0.000000,0,0,0,0,0,3.231315,72.425583,110.477630,0
$5186,160,159,0,786443,20,0.000000,0,0,0,0,0,2.377886,72.433929,111.711760,0
$5186,161,160,0,786443,20,0.000000,0,0,0,0,0,1.530475,72.439629,112.927250,0
$5186,162,161,0,786443,20,0.000000,0,0,0,0,0,0.654168,72.404045,114.134740,0
$5186,163,162,0,786443,20,0.000000,0,0,0,0,0,-0.187354,72.375626,115.328990,0
$5186,164,163,0,786443,20,0.000000,0,0,0,0,0,-1.040856,72.331352,116.503860,0
$5186,165,164,0,786443,20,0.000000,0,0,0,0,0,-1.890738,72.274994,117.661470,0
$5186,166,165,0,786443,20,0.000000,0,0,0,0,0,-2.726035,72.202347,118.782300,0
$5186,167,166,0,786443,20,0.000000,0,0,0,0,0,-3.556467,72.115242,119.876560,0
$5186,168,167,0,786443,20,0.000000,0,0,0,0,0,-4.380572,72.024506,120.971280,0
$5186,169,168,0,786443,20,0.000000,0,0,0,0,0,-5.176671,71.923843,122.023460,0
$5186,170,169,0,786443,20,0.000000,0,0,0,0,0,-5.977979,71.810768,123.053770,0
$5186,171,170,0,786443,20,0.000000,0,0,0,0,0,-6.778825,71.680595,124.090070,0
$5186,172,171,0,786443,20,0.000000,0,0,0,0,0,-7.558002,71.553848,125.105450,0
$5186,175,174,0,786443,20,0.000000,0,0,0,0,0,-9.806819,71.154793,128.019620,0
$5186,176,175,0,786443,20,0.000000,0,0,0,0,0,-10.532047,71.011200,128.927600,0
$5186,177,176,0,786443,20,0.000000,0,0,0,0,0,-11.239824,70.854065,129.837430,0
$5186,178,177,0,786443,20,0.000000,0,0,0,0,0,-11.935954,70.707062,130.726410,0
$5186,179,178,0,786443,20,0.000000,0,0,0,0,0,-10.793685,68.342751,132.304870,0
$5186,180,179,0,786443,20,0.000000,0,0,0,0,0,-10.141548,66.805428,133.672450,0
$5186,181,180,0,786443,20,0.000000,0,0,0,0,0,-9.458335,65.338371,134.983690,0
$5186,182,181,0,786443,20,0.000000,0,0,0,0,0,-8.785947,63.910793,136.235470,0
$5186,183,182,0,786443,20,0.000000,0,0,0,0,0,-8.119164,62.535515,137.415620,0
$5186,184,183,0,786443,20,0.000000,0,0,0,0,0,-7.458425,61.194302,138.572420,0
$5186,185,184,0,786443,20,0.000000,0,0,0,0,0,-6.806879,59.892979,139.659210,0
$5186,186,185,0,786443,20,0.000000,0,0,0,0,0,-6.164900,58.624851,140.718050,0
$5186,187,186,0,786443,20,0.000000,0,0,0,0,0,-5.533897,57.402294,141.736650,0
$5186,188,187,0,786443,20,0.000000,0,0,0,0,0,-4.902558,56.224838,142.713260,0
$5186,189,188,0,786443,20,0.000000,0,0,0,0,0,-4.068382,56.274162,143.317760,0
$5186,190,189,0,786443,20,0.000000,0,0,0,0,0,-4.673708,57.918003,143.283330,0
$5186,191,190,0,786443,20,0.000000,0,0,0,0,0,-6.590930,58.819664,144.063920,0
$5186,192,191,0,786443,20,0.000000,0,0,0,0,0,-5.280356,61.193565,144.048860,0
$5186,193,192,0,786443,20,0.000000,0,0,0,0,0,-4.105100,62.279491,144.635830,0
$5186,194,193,0,786443,20,0.000000,0,0,0,0,0,-4.116346,63.416904,145.324010,0
$5186,195,194,0,786443,20,0.000000,0,0,0,0,0,-3.589181,64.836525,145.245040,0
$5186,196,195,0,786443,20,0.000000,0,0,0,0,0,-3.563984,66.228546,145.821850,0
$5186,197,196,0,786443,20,0.000000,0,0,0,0,0,-5.881641,66.148346,146.866240,0
$5186,198,197,0,786443,20,0.000000,0,0,0,0,0,-7.748183,66.096863,147.449400,0
$5186,199,198,0,786443,20,0.000000,0,0,0,0,0,-9.624078,66.009308,148.037450,0
$5186,200,199,0,786443,20,0.000000,0,0,0,0,0,-11.504876,65.910461,148.651260,0
$5186,201,200,0,786443,20,0.000000,0,0,0,0,0,-13.392385,65.793381,149.225130,0
$5186,202,201,0,786443,20,0.000000,0,0,0,0,0,-15.269187,65.665642,149.796660,0
$5186,203,202,0,786443,20,0.000000,0,0,0,0,0,-17.143702,65.509438,150.372860,0
$5186,204,203,0,786443,20,0.000000,0,0,0,0,0,-19.011696,65.338669,150.949780,0
$5186,205,204,0,786443,20,0.000000,0,0,0,0,0,-20.873508,65.143074,151.511950,0
$5186,206,205,0,786443,20,0.000000,0,0,0,0,0,-22.718473,64.929527,152.092680,0
$5186,207,206,0,786443,20,0.000000,0,0,0,0,0,-24.551569,64.708687,152.646930,0
$5186,208,207,0,786443,20,0.000000,0,0,0,0,0,-26.366507,64.471909,153.204990,0
$5186,209,208,0,786443,20,0.000000,0,0,0,0,0,-28.163404,64.203186,153.767270,0
$5186,210,209,0,786443,20,0.000000,0,0,0,0,0,-29.934931,63.929974,154.301390,0
$5186,211,210,0,786443,20,0.000000,0,0,0,0,0,-31.686953,63.628578,154.842830,0
